prob,cell_id
0.19,1006376
0.19,1006377
0.19,1006378
0.19,1006379
0.19,1009992
0.19,1009993
0.19,1009994
0.19,1013608
0.19,1013609
0.19,1013610
0.19,1017225
0.19,1020840
0.19,1020841
0.09,1006381
0.09,1006382
0.09,1017226
0.09,1017228
0.09,1017229
0.09,1020842
0.09,1024457
0.09,1024458
0.09,1024459
0.04,1006383
0.04,1006385
0.04,1006386
0.04,1010000
0.04,1010001
0.04,1013614
0.04,1013615
0.04,1013616
0.04,1013617
0.04,1017230
0.04,1017231
0.04,1017232
0.04,1020845
0.04,1020846
0.04,1020847
0.04,1024464
0.11,1006387
0.11,1006388
0.11,1006389
0.11,1010002
0.11,1010003
0.11,1010004
0.11,1010005
0.11,1013618
0.11,1013619
0.11,1013620
0.11,1017233
0.11,1017234
0.11,1017235
0.11,1017236
0.11,1020849
0.11,1020850
0.11,1020851
0.11,1020852
0.11,1024465
0.11,1024466
0.11,1024467
0.08,1006390
0.08,1006391
0.08,1006392
0.08,1006393
0.08,1010006
0.08,1010007
0.08,1010008
0.08,1013621
0.08,1013622
0.08,1013623
0.08,1013624
0.08,1017237
0.08,1017238
0.08,1017239
0.08,1017240
0.08,1020853
0.08,1020854
0.08,1020855
0.08,1024468
0.08,1024469
0.08,1024470
0.08,1024471
0.01,1006394
0.01,1006395
0.01,1006396
0.01,1010009
0.01,1010010
0.01,1010011
0.01,1010012
0.01,1013625
0.01,1013627
0.01,1013628
0.01,1017242
0.01,1017243
0.01,1020856
0.01,1020857
0.01,1020858
0.01,1020859
0.01,1024473
0.01,1024474
0.01,1024475
0.21,1028073
0.21,1028074
0.21,1028075
0.21,1028076
0.21,1031689
0.21,1031690
0.21,1031691
0.21,1035305
0.21,1035306
0.21,1035307
0.21,1038921
0.21,1038922
0.21,1042538
0.19,1031692
0.19,1031693
0.19,1031695
0.19,1035308
0.19,1035309
0.19,1035310
0.19,1038923
0.19,1038924
0.19,1038925
0.19,1042539
0.19,1042540
0.19,1042541
0.2,1028080
0.2,1028081
0.2,1028082
0.2,1028083
0.2,1031696
0.2,1031697
0.2,1031698
0.2,1035311
0.2,1035312
0.2,1035313
0.2,1035314
0.2,1038927
0.2,1038928
0.2,1038929
0.2,1038930
0.2,1042543
0.2,1042544
0.2,1042545
0.16,1028084
0.16,1028085
0.16,1028086
0.16,1031699
0.16,1031700
0.16,1031701
0.16,1031702
0.16,1035315
0.16,1035316
0.16,1035317
0.16,1035318
0.16,1038931
0.16,1038932
0.16,1038933
0.16,1042546
0.16,1042547
0.16,1042548
0.16,1042549
0.1,1028090
0.1,1031706
0.1,1038934
0.1,1042550
0.04,1028091
0.04,1028092
0.04,1031707
0.04,1031708
0.04,1031709
0.04,1035323
0.04,1035324
0.04,1035325
0.04,1038939
0.04,1038940
0.04,1038941
0.04,1042556
0.03,1028098
0.03,1028099
0.03,1028100
0.03,1028101
0.03,1031714
0.03,1031715
0.03,1031716
0.03,1031717
0.03,1035330
0.03,1035331
0.03,1035332
0.03,1038945
0.03,1038946
0.03,1038947
0.03,1038948
0.03,1042561
0.03,1042562
0.03,1042563
0.03,1042564
0.26,1046155
0.26,1046156
0.26,1046157
0.26,1049771
0.26,1049772
0.26,1049773
0.26,1053387
0.26,1053388
0.26,1053389
0.26,1057004
0.22,1046158
0.22,1046159
0.22,1046160
0.22,1046161
0.22,1049774
0.22,1049775
0.22,1049776
0.22,1049777
0.22,1053390
0.22,1053391
0.22,1053392
0.22,1057005
0.22,1057006
0.22,1057007
0.22,1057008
0.22,1060621
0.22,1060622
0.22,1060623
0.22,1046162
0.22,1046163
0.22,1046164
0.22,1046165
0.22,1049778
0.22,1049779
0.22,1049780
0.22,1053393
0.22,1053394
0.22,1053395
0.22,1053396
0.22,1057009
0.22,1057010
0.22,1057011
0.22,1057012
0.22,1060624
0.22,1060625
0.22,1060626
0.28,1046166
0.28,1049781
0.28,1049782
0.28,1053397
0.17,1046174
0.17,1046175
0.17,1046176
0.17,1053406
0.17,1053407
0.17,1057023
0.17,1060638
0.11,1046177
0.11,1046178
0.11,1046179
0.11,1049792
0.11,1049793
0.11,1049794
0.11,1049795
0.11,1053408
0.11,1053409
0.11,1053410
0.11,1053411
0.11,1057024
0.11,1057025
0.11,1057026
0.11,1060639
0.11,1060640
0.11,1060641
0.11,1060642
0.15,1046180
0.15,1046181
0.15,1046182
0.15,1046183
0.15,1049796
0.15,1049797
0.15,1049798
0.15,1049799
0.15,1053412
0.15,1053413
0.15,1053414
0.15,1057027
0.15,1057028
0.15,1057029
0.15,1057030
0.15,1060643
0.15,1060644
0.15,1060645
0.15,1060646
0.16,1046184
0.16,1046185
0.16,1046186
0.16,1046187
0.16,1049800
0.16,1049801
0.16,1049802
0.16,1053415
0.16,1053416
0.16,1053417
0.16,1053418
0.16,1057031
0.16,1057032
0.16,1057033
0.16,1057034
0.16,1060647
0.16,1060648
0.16,1060649
0.29,1064238
0.29,1064239
0.29,1067854
0.29,1067855
0.28,1064240
0.28,1064241
0.28,1064242
0.28,1067856
0.28,1067857
0.28,1067858
0.28,1071471
0.28,1071472
0.28,1071473
0.28,1071474
0.28,1075088
0.28,1075089
0.28,1075090
0.28,1078704
0.28,1078705
0.37,1067859
0.37,1071475
0.37,1075091
0.37,1075092
0.37,1078706
0.37,1078707
0.37,1078708
0.34,1064255
0.34,1064256
0.34,1064257
0.34,1064258
0.34,1067873
0.3,1064259
0.3,1064260
0.3,1064261
0.3,1067874
0.3,1067875
0.3,1067876
0.3,1067877
0.3,1071491
0.3,1071492
0.3,1071493
0.3,1075108
0.3,1078723
0.3,1078724
0.27,1064262
0.27,1064263
0.27,1064264
0.27,1064265
0.27,1067878
0.27,1067879
0.27,1067880
0.27,1067881
0.27,1071494
0.27,1071495
0.27,1071496
0.27,1075109
0.27,1075110
0.27,1075111
0.27,1075112
0.27,1078725
0.27,1078726
0.27,1078727
0.27,1078728
0.21,1064266
0.21,1064267
0.21,1064269
0.21,1067882
0.21,1067883
0.21,1067884
0.21,1071497
0.21,1071498
0.21,1071499
0.21,1071500
0.21,1075113
0.21,1075114
0.21,1075115
0.21,1075116
0.21,1078729
0.21,1078730
0.21,1078731
0.32,1082321
0.39,1082322
0.39,1082323
0.41,1082339
0.41,1082340
0.3,1082341
0.3,1082342
0.3,1082343
0.3,1085956
0.3,1085957
0.3,1085958
0.3,1085959
0.3,1089573
0.3,1089574
0.3,1089575
0.3,1093189
0.3,1093190
0.3,1096805
0.3,1096806
0.19,1082344
0.19,1082345
0.19,1082346
0.19,1082347
0.19,1085960
0.19,1085961
0.19,1089576
0.19,1089577
0.19,1089578
0.19,1093191
0.19,1093192
0.19,1093194
0.19,1096807
0.19,1096808
0.19,1096809
0.19,1096810
0.48,1114878
0.48,1114879
0.48,1114880
0.48,1114881
0.35,1100421
0.35,1100422
0.17,1100423
0.17,1100424
0.17,1100425
0.17,1100426
0.17,1104039
0.17,1104040
0.17,1104041
0.17,1107654
0.17,1107655
0.17,1107656
0.17,1107657
0.17,1111271
0.17,1111272
0.17,1114887
0.17,1114888
0.17,1114889
0.52,1118493
0.52,1122108
0.52,1122109
0.44,1118494
0.44,1118495
0.44,1118496
0.44,1118497
0.44,1122110
0.44,1122111
0.44,1122112
0.44,1122113
0.44,1125726
0.44,1125727
0.44,1125728
0.31,1118498
0.31,1118499
0.31,1118500
0.31,1118501
0.31,1122114
0.31,1122115
0.31,1122116
0.31,1125729
0.31,1125730
0.31,1125731
0.31,1129345
0.31,1129346
0.31,1132961
0.31,1132962
0.03,1118502
0.03,1118503
0.03,1118504
0.03,1122117
0.03,1122118
0.03,1122119
0.03,1122120
0.03,1125735
0.03,1125736
0.03,1132966
0.03,1132967
0.52,1136578
0.52,1136579
0.52,1140195
0.52,1147427
0.24,1136580
0.24,1136581
0.24,1136582
0.24,1136583
0.24,1140196
0.24,1140197
0.24,1140199
0.24,1143812
0.24,1143813
0.24,1147428
0.24,1147429
0.24,1147430
0.24,1151043
0.24,1151044
0.24,1151045
0.24,1151046
0.24,1154659
0.24,1154660
0.24,1154661
0.24,1154662
0.09,1136584
0.09,1140200
0.09,1147431
0.09,1151047
0.09,1151048
0.09,1151049
0.09,1151050
0.09,1154663
0.09,1154664
0.09,1154665
0.61,1158278
0.44,1158279
0.44,1158280
0.44,1158281
0.44,1158282
0.44,1161895
0.44,1161896
0.44,1161897
0.44,1165512
0.44,1165513
0.44,1169129
0.21,1158283
0.21,1158284
0.21,1161898
0.21,1161899
0.21,1161900
0.21,1161901
0.21,1165514
0.21,1165515
0.21,1165516
0.21,1165517
0.21,1169130
0.21,1169131
0.21,1169132
0.21,1169133
0.21,1172746
0.21,1172747
0.21,1172748
0.21,1172749
0.49,1176362
0.49,1176363
0.49,1176364
0.49,1179979
0.49,1179980
0.49,1183595
0.49,1183596
0.49,1187212
0.23,1176365
0.23,1176366
0.23,1176367
0.23,1176368
0.23,1179981
0.23,1179982
0.23,1179983
0.23,1179984
0.23,1183597
0.23,1183598
0.23,1183599
0.23,1183600
0.23,1187213
0.23,1187214
0.23,1187215
0.23,1187216
0.23,1190830
0.23,1190831
0.23,1190832
0.26,1194448
0.26,1194449
0.26,1194450
0.26,1194451
0.26,1198065
0.26,1198067
0.26,1205297
0.26,1205298
0.26,1208914
0.02,1194452
0.02,1194453
0.02,1194454
0.02,1194455
0.02,1198068
0.02,1198069
0.02,1198070
0.02,1198071
0.02,1201685
0.02,1201686
0.02,1201687
0.02,1205302
0.02,1205303
0.02,1208919
0.17,1234231
0.17,1234232
0.17,1234233
0.17,1237848
0.17,1237849
0.17,1241464
0.17,1241465
0.17,1245081
0.17,1248696
0.17,1248697
0.38,1252312
0.38,1252313
0.38,1255929
0.38,1259545
0.22,1252314
0.22,1252315
0.22,1255930
0.22,1255931
0.22,1259546
0.22,1259547
0.22,1259548
0.22,1263162
0.22,1263163
0.22,1263164
0.22,1266778
0.22,1266779
0.22,1266780
0.41,1270393
0.06,1331867
0.06,1331868
0.06,1335483
0.06,1335484
0.06,1339099
0.06,1339100
0.06,1342715
0.06,1342716
0.06,1346331
0.06,1346332
0.67,1349947
0.67,1349948
0.67,1353562
0.67,1353563
0.67,1353564
0.67,1357178
0.67,1357179
0.67,1357180
0.67,1360793
0.67,1360794
0.67,1360795
0.67,1360796
0.67,1364408
0.67,1364409
0.67,1364410
0.67,1364411
0.67,1364412
0.97,1368025
0.97,1368026
0.97,1368027
0.97,1368028
0.97,1371642
0.97,1371643
0.97,1371644
0.97,1375258
0.97,1375259
0.97,1375260
0.97,1378874
0.97,1378875
0.97,1378876
0.97,1382490
0.97,1382491
0.97,1382492
0.97,1386106
0.97,1386107
0.92,1389722
0.92,1389723
0.92,1393338
0.92,1393339
0.92,1396953
0.92,1396954
0.92,1396955
0.92,1400569
0.92,1400570
0.92,1400571
0.92,1400572
0.92,1404185
0.92,1404186
0.92,1404187
0.33,1393781
0.33,1397396
0.33,1397397
0.33,1397398
0.33,1401012
0.33,1401013
0.33,1401014
0.33,1404628
0.33,1404629
0.33,1404630
0.33,1404631
0.24,1390166
0.24,1390167
0.24,1390168
0.24,1390169
0.24,1393782
0.24,1393783
0.24,1393784
0.24,1393785
0.24,1397399
0.24,1397400
0.24,1397401
0.24,1397402
0.24,1401015
0.24,1401016
0.24,1401017
0.27,1390170
0.27,1390171
0.27,1390172
0.27,1390173
0.27,1393786
0.27,1393787
0.27,1393788
0.27,1393789
0.27,1397403
0.17,1390174
0.17,1390175
0.17,1390176
0.17,1390177
0.17,1393790
0.17,1393791
0.17,1393792
0.17,1393793
0.17,1397407
0.16,1390178
0.16,1390180
0.07,1393941
0.07,1404790
1,1411416
1,1415032
1,1418648
1,1422264
1,1425879
1,1425880
0.77,1407801
0.77,1407802
0.77,1407803
0.77,1411417
0.77,1411418
0.77,1411419
0.77,1415033
0.77,1415034
0.77,1418649
0.77,1418650
0.77,1422265
0.77,1425881
0.76,1408244
0.76,1408245
0.76,1408246
0.76,1408247
0.76,1411860
0.76,1411861
0.76,1411862
0.76,1415477
0.76,1415478
0.76,1419093
0.76,1419094
0.76,1422710
0.76,1426326
0.12,1408406
0.12,1408407
0.01,1408409
0.01,1408410
0.01,1412025
0.01,1412026
0.01,1412027
0.01,1426494
0.86,1429495
0.86,1429496
0.86,1433111
0.86,1433112
0.86,1436727
0.86,1436728
0.86,1440344
0.86,1443960
0.64,1429497
0.64,1433113
0.64,1436729
0.64,1440345
0.64,1443961
0.64,1443962
0.86,1429939
0.86,1429940
0.86,1429941
0.86,1429942
0.86,1433556
0.86,1433557
0.86,1433558
0.86,1437172
0.86,1437173
0.86,1437174
0.86,1437175
0.86,1440789
0.86,1440790
0.86,1440791
0.86,1444405
0.86,1444406
0.86,1444407
0.86,1444408
0.97,1440792
0.85,1447576
0.85,1451192
0.85,1454808
0.5,1447577
0.5,1447578
0.5,1451193
0.5,1451194
0.5,1454809
0.5,1454810
0.5,1458425
0.5,1458426
0.5,1462041
0.5,1462042
0.5,1465658
0.5,1465659
0.96,1448021
0.96,1448022
0.96,1448023
0.96,1448024
0.96,1451637
0.96,1451638
0.96,1451639
0.96,1451640
0.96,1455254
0.96,1455255
0.96,1455256
0.96,1455257
0.96,1458870
0.96,1458871
0.96,1458872
0.96,1458873
0.96,1462489
0.96,1462490
0.96,1466105
0.96,1466106
1,1448025
1,1448026
1,1448027
1,1451641
1,1451642
1,1451643
1,1451644
1,1455258
1,1455259
1,1455260
1,1458874
1,1458875
1,1458876
1,1458877
1,1462491
1,1462492
1,1462493
1,1462494
1,1466107
1,1466108
1,1466109
1,1466110
0.52,1462495
0.52,1466111
0.52,1466112
0.49,1466132
0.49,1466133
0.49,1466134
0.49,1466135
0.34,1469274
0.34,1469275
0.34,1469276
0.34,1472890
0.34,1472891
0.34,1472892
0.34,1476506
0.34,1476507
0.34,1476508
0.34,1480123
0.34,1480124
0.34,1480125
0.34,1483740
0.34,1483741
1,1469722
1,1469723
1,1473339
1,1476954
1,1476955
1,1476956
1,1480569
1,1480570
1,1480571
1,1480572
1,1484186
1,1484187
1,1484188
1,1484189
1,1469724
1,1469725
1,1469726
1,1469727
1,1473340
1,1473341
1,1473342
1,1473343
1,1476957
1,1476958
1,1476959
1,1476960
1,1480573
1,1480574
1,1480575
1,1480576
1,1484190
1,1484191
1,1484192
1,1484193
0.51,1469728
0.51,1469729
0.51,1473344
0.51,1473345
0.51,1476961
0.51,1476962
0.51,1480577
0.51,1480578
0.51,1480579
0.51,1480580
0.51,1484194
0.51,1484195
0.51,1484196
0.51,1484197
0.45,1484198
0.94,1476976
0.94,1476977
0.94,1480591
0.94,1480592
0.94,1480593
0.94,1484207
0.94,1484208
0.94,1484209
0.94,1484210
0.91,1469746
0.91,1469747
0.91,1469748
0.91,1473362
0.91,1473363
0.91,1473364
0.91,1476978
0.91,1476979
0.91,1476980
0.91,1476981
0.91,1480594
0.91,1480595
0.91,1480596
0.91,1480597
0.91,1484211
0.91,1484212
0.91,1484213
0.91,1484214
0.78,1469749
0.78,1469750
0.78,1469751
0.78,1469752
0.78,1473365
0.78,1473366
0.78,1473367
0.78,1473368
0.78,1476982
0.78,1476983
0.78,1476984
0.78,1476985
0.78,1480598
0.78,1480599
0.78,1480600
0.78,1480601
0.78,1480602
0.78,1484215
0.78,1484216
0.78,1484217
0.78,1484218
0.73,1469753
0.73,1469754
0.73,1469755
0.73,1473369
0.73,1473370
0.73,1473371
0.73,1473372
0.73,1473373
0.73,1476986
0.73,1476987
0.73,1476988
0.73,1476989
0.73,1480603
0.73,1480604
0.73,1480605
0.73,1480606
0.73,1484219
0.73,1484220
0.73,1484221
0.73,1484222
0.84,1476990
0.84,1476991
0.84,1480607
0.84,1484223
0.84,1484224
0.44,1487356
0.44,1487357
0.44,1490972
0.44,1490973
0.44,1494588
0.44,1494589
0.44,1498204
0.44,1498205
0.44,1501820
0.44,1501821
0.44,1505436
0.44,1505437
0.06,1491406
0.06,1495022
0.06,1495023
0.06,1495024
0.06,1495025
0.06,1495026
0.06,1498639
0.06,1498640
0.06,1498641
0.06,1498642
0.06,1502255
0.06,1502256
0.06,1502257
0.06,1502258
0.06,1502259
0.06,1505872
0.06,1505873
0.06,1505874
0.06,1505875
0.91,1491412
0.91,1491413
0.91,1495027
0.91,1495028
0.91,1495029
0.91,1495030
0.91,1498643
0.91,1498644
0.91,1498645
0.91,1498646
0.91,1502260
0.91,1502261
0.91,1502262
0.91,1502263
0.91,1505876
0.91,1505877
0.91,1505878
0.91,1505879
0.77,1487798
0.77,1487799
0.77,1487800
0.77,1487801
0.77,1491414
0.77,1491415
0.77,1491416
0.77,1491417
0.77,1491418
0.77,1495031
0.77,1495032
0.77,1495033
0.77,1495034
0.77,1498647
0.77,1498648
0.77,1498649
0.77,1498650
0.77,1502264
0.77,1502265
0.77,1502266
0.77,1502267
0.77,1505880
0.77,1505881
0.77,1505882
0.77,1505883
0.68,1487802
0.68,1487803
0.68,1487804
0.68,1487805
0.68,1491419
0.68,1491420
0.68,1491421
0.68,1491422
0.68,1495035
0.68,1495036
0.68,1495037
0.68,1495038
0.68,1498651
0.68,1498652
0.68,1498653
0.68,1498654
0.68,1498655
0.68,1502268
0.68,1502269
0.68,1502270
0.68,1502271
0.68,1505884
0.68,1505885
0.68,1505886
0.68,1505887
0.68,1505888
0.23,1487806
0.23,1487807
0.23,1487808
0.23,1487809
0.23,1491423
0.23,1491424
0.23,1491425
0.23,1491426
0.23,1495039
0.23,1495040
0.23,1495041
0.23,1495042
0.23,1498656
0.23,1498657
0.23,1498658
0.23,1498659
0.23,1502272
0.23,1502273
0.23,1502274
0.23,1502275
0.23,1505889
0.23,1505890
0.23,1505891
0.23,1505892
0.15,1487810
0.15,1487811
0.15,1487812
0.15,1487813
0.15,1487814
0.15,1491427
0.15,1491428
0.15,1491429
0.15,1491430
0.15,1495043
0.15,1495044
0.15,1495045
0.15,1495046
0.15,1495047
0.15,1498660
0.15,1498661
0.15,1498662
0.15,1498663
0.15,1502276
0.15,1502277
0.15,1502278
0.15,1502279
0.15,1502280
0.15,1505893
0.15,1505894
0.15,1505895
0.15,1505896
0.59,1487815
0.59,1491431
0.59,1491432
0.59,1495048
0.59,1498664
0.59,1498665
0.59,1502281
0.59,1502282
0.59,1505897
0.59,1505898
0.59,1505899
1,1502287
1,1502288
1,1505904
1,1487824
1,1487825
1,1487826
1,1491440
1,1491441
1,1491442
1,1491443
1,1495056
1,1495057
1,1495058
1,1495059
1,1498672
1,1498673
1,1498674
1,1498675
1,1498676
1,1502289
1,1502290
1,1502291
1,1502292
1,1505905
1,1505906
1,1505907
1,1505908
1,1505909
1,1487827
1,1487828
1,1487829
1,1487830
1,1491444
1,1491445
1,1491446
1,1491447
1,1495060
1,1495061
1,1495062
1,1495063
1,1498677
1,1498678
1,1498679
1,1498680
1,1502293
1,1502294
1,1502295
1,1502296
1,1505910
1,1505911
1,1505912
1,1505913
1,1487831
1,1487832
1,1487833
1,1487834
1,1487835
1,1491448
1,1491449
1,1491450
1,1491451
1,1495064
1,1495065
1,1495066
1,1495067
1,1495068
1,1498681
1,1498682
1,1498683
1,1498684
1,1502297
1,1502298
1,1502299
1,1502300
1,1502301
1,1505914
1,1505915
1,1487836
1,1487837
1,1487838
1,1487839
1,1491452
1,1491453
1,1491454
1,1491455
1,1495069
1,1495070
1,1495071
1,1495072
1,1498685
1,1498686
1,1498687
1,1498688
1,1502302
1,1502303
1,1502304
1,1487840
1,1487843
1,1491456
1,1491457
1,1495073
1,1498689
1,1487844
1,1523514
0.67,1509052
0.67,1509053
0.67,1509054
0.67,1512667
0.67,1512668
0.67,1512669
0.67,1512670
0.67,1516283
0.67,1516284
0.67,1516285
0.67,1516286
0.67,1519899
0.67,1519900
0.67,1519901
0.67,1523515
0.67,1523516
1,1509480
1,1509481
1,1509482
1,1509483
1,1513096
1,1516715
1,1516716
1,1520329
1,1520330
1,1520331
1,1520332
1,1520333
1,1523946
1,1523947
1,1523948
1,1523949
0.53,1509484
0.53,1509485
0.53,1509486
0.53,1509487
0.53,1513104
0.53,1516717
0.53,1516718
0.53,1516719
0.53,1516720
0.53,1520334
0.53,1520335
0.53,1520336
0.53,1520337
0.53,1523950
0.53,1523951
0.53,1523952
0.53,1523953
1,1509488
1,1509489
1,1509490
1,1509491
1,1509492
1,1513105
1,1513106
1,1513107
1,1513108
1,1516721
1,1516722
1,1516723
1,1516724
1,1520338
1,1520339
1,1520340
1,1520341
1,1523954
1,1523955
1,1523956
1,1523957
1,1509493
1,1509494
1,1509495
1,1509496
1,1513109
1,1513110
1,1513111
1,1513112
1,1516725
1,1516726
1,1516727
1,1516729
1,1520342
1,1520343
1,1523958
1,1523959
1,1509497
1,1509498
1,1509499
1,1509500
1,1513113
1,1513114
1,1513115
1,1513116
1,1516730
1,1516731
1,1516732
1,1516733
1,1520346
1,1520347
1,1520348
1,1520349
0.92,1509501
0.92,1509502
0.92,1509503
0.92,1509504
0.92,1513117
0.92,1513118
0.92,1513119
0.92,1513120
0.92,1513121
0.92,1516734
0.92,1516735
0.92,1516736
0.92,1516737
0.92,1520353
0.92,1520354
0.77,1509505
0.77,1509506
0.77,1509507
0.77,1509508
0.77,1513122
0.77,1513123
0.77,1513124
0.77,1513125
0.77,1516738
0.77,1516739
0.77,1516740
0.77,1516741
0.77,1520355
0.77,1520356
0.77,1520357
0.77,1520358
0.77,1523972
0.77,1523973
0.77,1523974
0.94,1509509
0.94,1509510
0.94,1509511
0.94,1509512
0.94,1509513
0.94,1513126
0.94,1513127
0.94,1513128
0.94,1513129
0.94,1516742
0.94,1516743
0.94,1516744
0.94,1516745
0.94,1516746
0.94,1520359
0.94,1520360
0.94,1520361
0.94,1520362
0.94,1523975
0.94,1523976
0.94,1523977
0.94,1523978
0.94,1523979
1,1509514
1,1509515
1,1509516
1,1513130
1,1513131
1,1513132
1,1516747
1,1516748
1,1516749
1,1520363
1,1520364
1,1520365
1,1523980
1,1523981
1,1509519
1,1509520
1,1509521
1,1513136
1,1513137
1,1516753
1,1516754
1,1520370
1,1520371
1,1523986
1,1509522
1,1509523
1,1509524
1,1509525
1,1513138
1,1513139
1,1513140
1,1513141
1,1513142
1,1516755
1,1516756
1,1516757
1,1509526
1,1509527
1,1509528
1,1513143
1,1513144
1,1527130
1,1530746
0.94,1527131
0.94,1527132
0.94,1530747
0.94,1530748
0.94,1534363
0.94,1534364
0.94,1537980
0.94,1537981
0.94,1541596
0.94,1541597
0.94,1541598
0.94,1545214
0.94,1545215
0.77,1527558
0.77,1527559
0.77,1527560
0.77,1527561
0.77,1531175
0.77,1531176
0.77,1531177
0.77,1531178
0.77,1534791
0.77,1534792
0.77,1534793
0.77,1534794
0.77,1538407
0.77,1538408
0.77,1538409
0.77,1538410
0.77,1538411
0.77,1542024
0.77,1542025
0.77,1542026
0.77,1542027
0.77,1545640
0.77,1545641
0.77,1545642
0.77,1545643
0.77,1545644
1,1527562
1,1527563
1,1527564
1,1527565
1,1527566
1,1531179
1,1531180
1,1531181
1,1531182
1,1534795
1,1534796
1,1534797
1,1534798
1,1538412
1,1538413
1,1538414
1,1538415
1,1542028
1,1542029
1,1542030
1,1542031
1,1545645
1,1545646
1,1545647
1,1545648
1,1527567
1,1527568
1,1527569
1,1527570
1,1531183
1,1531184
1,1531185
1,1531186
1,1534799
1,1534800
1,1534801
1,1534802
1,1534803
1,1538416
1,1538417
1,1538418
1,1538419
1,1542032
1,1542033
1,1542034
1,1542035
1,1542036
1,1545649
1,1545650
1,1545651
1,1545652
1,1527571
1,1527572
1,1527573
1,1527574
1,1531187
1,1531188
1,1531189
1,1531190
1,1534804
1,1534805
1,1534806
1,1538420
1,1538421
1,1538422
1,1538423
1,1545653
1,1527596
1,1527597
1,1531213
1,1548830
1,1548831
1,1552447
0.53,1548832
0.53,1552448
0.53,1552449
0.53,1556064
0.53,1556065
0.53,1556066
0.53,1559681
0.53,1559682
0.53,1563297
0.53,1563298
0.53,1566913
0.53,1566914
0.53,1566915
0.63,1549255
0.63,1549256
0.63,1552872
0.63,1556488
0.63,1556489
0.63,1560104
0.63,1560105
0.63,1563719
0.63,1563720
0.63,1563721
0.63,1563722
0.63,1567335
0.63,1567336
0.63,1567337
0.63,1567338
0.3,1549257
0.3,1549258
0.3,1549259
0.3,1549260
0.3,1552873
0.3,1552874
0.3,1552875
0.3,1552876
0.3,1552877
0.3,1556490
0.3,1556491
0.3,1556492
0.3,1556493
0.3,1560106
0.3,1560107
0.3,1560108
0.3,1560109
0.3,1560110
0.3,1563723
0.3,1563724
0.3,1563725
0.3,1563726
0.3,1567339
0.3,1567340
0.3,1567341
0.3,1567342
0.3,1567343
1,1549261
1,1549262
1,1549263
1,1549264
1,1552878
1,1552879
1,1552880
1,1552881
1,1556494
1,1556495
1,1556496
1,1556497
1,1560111
1,1560112
1,1560113
1,1560114
1,1563727
1,1563728
1,1563729
1,1563730
1,1567344
1,1567345
1,1567346
1,1567347
1,1549265
1,1549266
1,1549267
1,1549268
1,1549269
1,1552882
1,1552883
1,1552884
1,1552885
1,1556498
1,1556500
1,1556501
1,1556502
1,1560115
1,1563731
1,1563732
1,1567348
1,1567349
0.75,1570529
0.75,1570530
0.75,1574145
0.75,1574146
0.75,1574147
0.75,1577762
0.75,1577763
0.75,1581378
0.75,1581379
0.75,1584995
0.75,1584996
0.7,1570943
0.7,1574560
0.7,1574561
0.7,1578176
0.7,1578177
0.7,1578178
0.7,1578179
0.7,1581793
0.7,1581794
0.7,1581795
0.7,1581796
0.7,1585409
0.7,1585410
0.7,1585411
0.7,1585412
1,1570952
1,1570953
1,1570954
1,1570955
1,1574568
1,1574569
1,1574570
1,1574571
1,1578185
1,1578186
1,1578187
1,1578188
1,1581801
1,1581802
1,1581803
1,1581804
1,1585418
1,1585419
1,1585420
1,1585421
0.83,1570956
0.83,1570957
0.83,1570958
0.83,1570959
0.83,1574572
0.83,1574573
0.83,1574574
0.83,1574575
0.83,1574576
0.83,1578189
0.83,1578190
0.83,1578191
0.83,1578192
0.83,1581805
0.83,1581806
0.83,1581807
0.83,1581808
0.83,1581809
0.83,1585422
0.83,1585423
0.83,1585424
0.83,1585425
1,1570960
1,1570961
1,1570962
1,1570963
1,1574577
1,1574578
1,1574579
1,1574580
1,1578193
1,1578194
1,1578195
1,1581810
1,1581811
1,1585426
1,1585427
1,1585428
0.69,1570964
0.69,1570965
0.69,1570966
0.69,1574581
0.9,1588611
0.9,1588612
0.9,1592228
0.9,1595845
0.9,1599461
0.9,1599462
0.36,1603079
0.36,1606696
0.36,1606697
0.13,1589026
0.13,1589027
0.13,1589028
0.13,1589029
0.13,1592643
0.13,1592644
0.13,1592645
0.13,1596261
0.13,1596262
0.13,1599878
0.13,1603493
0.13,1603494
0.13,1603495
0.13,1607110
0.13,1607111
0.17,1589030
0.17,1589031
0.17,1589032
0.17,1589033
0.17,1592646
0.17,1592647
0.17,1592648
0.17,1592649
0.17,1592650
0.17,1596263
0.17,1596264
0.17,1596265
0.17,1596266
0.17,1599879
0.17,1599880
0.17,1599881
0.17,1599882
0.17,1599883
0.17,1603496
0.17,1603497
0.17,1603498
0.17,1603499
0.17,1607112
0.17,1607113
0.17,1607114
0.17,1607115
0.17,1607116
1,1589034
1,1589035
1,1589036
1,1589037
1,1592651
1,1592652
1,1592653
1,1592654
1,1596267
1,1596268
1,1596269
1,1596270
1,1599884
1,1599885
1,1599886
1,1599887
1,1603500
1,1603501
1,1603502
1,1603503
1,1607117
1,1607118
1,1607119
1,1607120
1,1589038
1,1589039
1,1589040
1,1589041
1,1589042
1,1592655
1,1592656
1,1592657
1,1592658
1,1596271
1,1596272
1,1596273
1,1596274
1,1596275
1,1599888
1,1599889
1,1599890
1,1599891
1,1603504
1,1603505
1,1603506
1,1603507
1,1607121
1,1607122
1,1607123
0.28,1589043
0.28,1592659
0.28,1592660
0.82,1610313
0.82,1610314
0.82,1613930
0.82,1613931
0.82,1617547
0.82,1621163
0.82,1624779
0.82,1628395
0.5,1610729
0.5,1610730
0.5,1610731
0.5,1610732
0.5,1614345
0.5,1614346
0.5,1614347
0.5,1614348
0.5,1614349
0.5,1617962
0.5,1617963
0.5,1617964
0.5,1617965
0.5,1621578
0.5,1621579
0.5,1621580
0.5,1621581
0.5,1621582
0.5,1625195
0.5,1625196
0.5,1625197
0.5,1625198
0.5,1628811
0.5,1628812
0.5,1628813
0.5,1628814
0.5,1628815
0.75,1610733
0.75,1610734
0.75,1610735
0.75,1610736
0.75,1614350
0.75,1614351
0.75,1614352
0.75,1614353
0.75,1617966
0.75,1617967
0.75,1617968
0.75,1621583
0.75,1621584
0.75,1621585
0.75,1625199
0.75,1625200
0.75,1625201
0.75,1628816
0.98,1632012
0.98,1639243
0.98,1639244
0.98,1642860
0.1,1632424
0.1,1632425
0.1,1632426
0.1,1632427
0.1,1636040
0.1,1636041
0.1,1636042
0.1,1636043
0.1,1639657
0.1,1639658
0.1,1639659
0.1,1639660
0.1,1643273
0.1,1643274
0.1,1643275
0.1,1643276
0.1,1646890
0.1,1646891
0.1,1646892
0.1,1646893
0.95,1632428
0.95,1632429
0.95,1632430
0.95,1632431
0.95,1636044
0.95,1636045
0.95,1636046
0.95,1636047
0.95,1636048
0.95,1639661
0.95,1639662
0.95,1639663
0.95,1639664
0.95,1643277
0.95,1643278
0.95,1643279
0.95,1643280
0.95,1643281
0.95,1646894
0.95,1646895
0.95,1646896
0.95,1646897
0.33,1650506
0.33,1650507
0.33,1650508
0.33,1650509
0.33,1654123
0.33,1654124
0.33,1654125
0.33,1654126
0.33,1657739
0.33,1657740
0.33,1657741
0.33,1657742
0.33,1661356
0.33,1661357
0.33,1661358
0.33,1661359
0.33,1664972
0.33,1664973
0.33,1664974
0.33,1664975
0.33,1664976
0.33,1668589
0.33,1668590
0.33,1668591
0.33,1668592
0.12,1650510
0.12,1650511
0.12,1650512
0.12,1650513
0.12,1650514
0.12,1654127
0.12,1654128
0.12,1654129
0.12,1657743
0.12,1657744
0.12,1657745
0.12,1661360
0.12,1661361
0.12,1661362
0.12,1664977
0.12,1664978
0.12,1668593
0.12,1668594
0.27,1671797
0.27,1671798
0.27,1671799
0.27,1675415
0.27,1682647
0.27,1686264
0.27,1689880
0.07,1671800
0.07,1675416
0.07,1675417
0.07,1679032
0.07,1679033
0.07,1679034
0.07,1682648
0.07,1682649
0.07,1682650
0.07,1686265
0.07,1686266
0.07,1689881
0.8,1672201
0.8,1672202
0.8,1672203
0.8,1672204
0.8,1675817
0.8,1675818
0.8,1675819
0.8,1675820
0.8,1675821
0.8,1679434
0.8,1679435
0.8,1679436
0.8,1679437
0.8,1683050
0.8,1683051
0.8,1683052
0.8,1683053
0.8,1683054
0.8,1686667
0.8,1686668
0.8,1686669
0.8,1686670
0.8,1690283
0.8,1690284
0.8,1690285
0.8,1690286
0.8,1690287
0.4,1672205
0.4,1672206
0.4,1672207
0.4,1672208
0.4,1672209
0.4,1675822
0.4,1675823
0.4,1675824
0.4,1675825
0.4,1679438
0.4,1679439
0.4,1679440
0.4,1679441
0.4,1679442
0.4,1683055
0.4,1683056
0.4,1683057
0.4,1683058
0.4,1686671
0.4,1686672
0.4,1686673
0.4,1686674
0.4,1686675
0.4,1690288
0.4,1690289
0.4,1690290
0.4,1690291
0.53,1693497
0.53,1693498
0.53,1697113
0.53,1697114
0.53,1700730
0.53,1700731
0.53,1704347
0.53,1704348
0.53,1707965
0.1,1697510
0.1,1701126
0.1,1701127
0.1,1701128
0.1,1704742
0.1,1704743
0.1,1708359
0.1,1708360
0.1,1708361
0.84,1697514
0.84,1697516
0.84,1701130
0.84,1701131
0.84,1701132
0.84,1704745
0.84,1704746
0.84,1704747
0.84,1704748
0.84,1704749
0.84,1708362
0.84,1708363
0.84,1708364
0.84,1708365
0.4,1693900
0.4,1693901
0.4,1693902
0.4,1693903
0.4,1697517
0.4,1697518
0.4,1697519
0.4,1697520
0.4,1701133
0.4,1701134
0.4,1701135
0.4,1701136
0.4,1704750
0.4,1704751
0.4,1704752
0.4,1704753
0.4,1708366
0.4,1708367
0.4,1708368
0.4,1708369
0.4,1708370
0.36,1693904
0.36,1693905
0.36,1693906
0.36,1693907
0.36,1693908
0.36,1697521
0.36,1697522
0.36,1697523
0.36,1697524
0.36,1701137
0.36,1701138
0.36,1701139
0.36,1701140
0.36,1701141
0.36,1704754
0.36,1704755
0.36,1704756
0.36,1704757
0.36,1708371
0.36,1708372
0.36,1708373
0.36,1708374
0.65,1715199
0.65,1718815
0.65,1718816
0.65,1722432
0.65,1722433
0.65,1726049
0.65,1726050
0.65,1729667
1,1711976
1,1711977
1,1730059
1,1730060
1,1711978
1,1711979
1,1711980
1,1711981
1,1711982
1,1715596
1,1715597
1,1715598
1,1719214
1,1719215
1,1722831
1,1726448
1,1730061
0.3,1711983
0.3,1711984
0.3,1711985
0.3,1711986
0.3,1715599
0.3,1715600
0.3,1715601
0.3,1715602
0.3,1715603
0.3,1719217
0.3,1719218
0.3,1719219
0.3,1722832
0.3,1722834
0.3,1722835
0.3,1722836
0.3,1726449
0.3,1726450
0.3,1726451
0.3,1726452
0.3,1730065
0.3,1730066
0.3,1730067
0.3,1730068
0.3,1730069
1,1733284
0.75,1733285
0.75,1736901
0.75,1736902
0.75,1740517
0.75,1740518
0.75,1744134
0.75,1744135
0.75,1744136
0.75,1747751
0.75,1747752
0.75,1747753
0.75,1751368
0.75,1751369
0.84,1754984
0.84,1754985
0.84,1758600
0.84,1758601
0.84,1758602
0.84,1762217
0.84,1762218
0.84,1765833
0.84,1765834
0.84,1765835
0.84,1769450
0.84,1769451
1,1773067
1,1776684
1,1787533
1,1791149
1,1773068
1,1773069
1,1773070
1,1773071
1,1773072
1,1776685
1,1776686
1,1776687
1,1776688
1,1787534
1,1787537
1,1791150
1,1791151
1,1791152
1,1791153
1,1776689
1,1776690
1,1776691
1,1776692
1,1776693
1,1780305
1,1780306
1,1780307
1,1780308
1,1780309
1,1787538
1,1787539
1,1787542
1,1791154
1,1791155
1,1791156
1,1791157
1,1791158
0.91,1780310
0.91,1780311
0.91,1783926
0.91,1783927
0.91,1783928
0.91,1787543
0.91,1787544
0.91,1787545
0.91,1791159
0.91,1791160
0.91,1791161
0.91,1791162
0.86,1791163
0.86,1791164
0.86,1791165
0.86,1791166
0.86,1791167
1,1794766
1,1794767
1,1794768
1,1794769
1,1794770
1,1798385
1,1798386
1,1794771
1,1794772
1,1794773
1,1794774
1,1798387
1,1798388
1,1798389
1,1798390
1,1794775
1,1794776
1,1794780
1,1794781
1,1794782
1,1794783
1,1802016
1,1812863
1,1812864
1,1812865
0.96,1794784
0.96,1798400
0.96,1798401
0.96,1802017
0.96,1802018
0.96,1802019
0.96,1805633
0.96,1805634
0.96,1805635
0.96,1805636
0.96,1805637
0.96,1809251
0.96,1809252
0.96,1809253
1,1809254
1,1812870
1,1812871
1,1812872
1,1820088
1,1823704
1,1823705
1,1827321
1,1816477
1,1823706
1,1823707
1,1827322
1,1827323
1,1816480
1,1816481
1,1820097
1,1823714
1,1830945
1,1830946
1,1834562
1,1834563
1,1816482
1,1816483
1,1820098
1,1820099
1,1820100
1,1823715
1,1823716
1,1823717
1,1816488
1,1816489
1,1820106
1,1823723
0.71,1820107
0.71,1823724
0.71,1827340
0.71,1827341
0.71,1830957
0.71,1830958
0.71,1834574
1,1838179
1,1841796
1,1838180
1,1841797
1,1841798
1,1845413
1,1845414
1,1845415
1,1838190
1,1838191
1,1841806
1,1841807
1,1845423
1,1845424
1,1849040
1,1849041
1,1852656
1,1852657
1,1852658
1,1856272
1,1856273
1,1856274
1,1859888
1,1859889
1,1859890
1,1859891
1,1863505
1,1863506
1,1863507
1,1867123
1,1867124
1,1867125
1,1870741
1,1870742
1,1874357
1,1874358
1,1877974
1,1877975
1,1881591
1,1881592
1,1881593
1,1885207
1,1885208
1,1885209
1,1885210
1,1888824
1,1888825
1,1888826
1,1892441
1,1892442
1,1896057
1,1896058
1,1896059
1,1899675
1,1899676
1,1903291
1,1903292
1,1906908
1,1910525
1,1914141
0.78,1903293
0.78,1906909
0.78,1906910
0.78,1910526
0.78,1910527
0.78,1914142
0.78,1914143
0.78,1914144
0.78,1917759
0.78,1917760
1,1921375
1,1921376
1,1921377
1,1924992
1,1924993
1,1924994
1,1928610
1,1928611
1,1932226
1,1932227
1,1932228
1,1935842
1,1935843
1,1935844
1,1939459
1,1939460
1,1939461
1,1943076
1,1943077
1,1946693
0.57,1943078
0.57,1946694
0.57,1946695
0.57,1950311
0.57,1950312
0.57,1953928
0.57,1953929
0.57,1957544
0.57,1957545
0.57,1961161
0.57,1961162
0.86,1964777
0.86,1964778
0.86,1964779
0.86,1968394
0.86,1968395
0.86,1968396
0.86,1972010
0.86,1972011
0.86,1972012
0.86,1975628
0.86,1975629
0.86,1979245
0.86,1979246
0.33,1979247
0.33,1979248
1,1993685
1,1993686
1,1993687
1,1997302
1,1997303
1,1997304
1,2000918
1,2000919
1,2000920
1,1982861
1,1982862
1,1986478
1,1986479
1,1982863
1,1982864
1,1982865
1,1986480
1,1986481
1,1986482
1,1986483
1,1990097
1,1990098
1,1990099
1,1990100
1,1993715
1,1993716
0.06,1986484
0.06,1990101
0.06,1993717
0.06,1993718
0.06,1997335
0.06,1997336
0.06,2000952
0.06,2000953
1,2004535
1,2004536
1,2004537
1,2008152
1,2008153
1,2008154
1,2011769
1,2011770
1,2004569
1,2004570
1,2008186
1,2008187
1,2011803
0.24,2008188
0.24,2011804
0.24,2011805
0.24,2015421
0.24,2015422
0.24,2019038
0.24,2019039
0.24,2019040
0.24,2022655
0.24,2022656
0.24,2022657
1,2029875
1,2029876
1,2033492
1,2033493
1,2037109
1,2029878
1,2029879
1,2029880
1,2033495
1,2033496
1,2033497
1,2037110
1,2037111
1,2037112
1,2037113
1,2037114
1,2040727
1,2040728
1,2040729
1,2040730
1,2044344
1,2044345
1,2044346
1,2044347
1,2044351
1,2044352
1,2026272
1,2026273
1,2026274
1,2029887
1,2029888
1,2029889
1,2029890
1,2033504
1,2033505
1,2033506
1,2033507
1,2037120
1,2037121
1,2037122
1,2037123
1,2040736
1,2040737
1,2040738
1,2040739
1,2040740
1,2044353
1,2044354
1,2044355
1,2044356
0.88,2047961
0.88,2047962
0.88,2047963
0.88,2051578
0.88,2051579
0.88,2051580
0.88,2055195
0.88,2055196
0.88,2058812
0.88,2058813
0.88,2062429
0.9,2047964
0.9,2047965
0.9,2047966
0.9,2047967
0.9,2047968
0.9,2051581
0.9,2051582
0.9,2051583
0.9,2051584
0.9,2055197
0.9,2055198
0.9,2055199
0.9,2055200
0.9,2055201
0.9,2058814
0.9,2062430
0.9,2062431
0.9,2062432
0.9,2066048
0.9,2066049
0.1,2047969
0.1,2047970
0.1,2047971
0.1,2047972
0.1,2047973
0.1,2051585
0.1,2051586
0.1,2051587
0.1,2051588
0.1,2055202
0.1,2055203
0.1,2055204
0.1,2055205
0.1,2055206
0.1,2058820
0.1,2058821
0.1,2058822
0.1,2062438
0.1,2062439
0.74,2069665
0.74,2069666
0.74,2069667
0.74,2073282
0.74,2073283
0.74,2076900
0.78,2073284
0.78,2076901
0.78,2080517
0.78,2080518
0.78,2084134
0.78,2084135
0.78,2084136
0.78,2084137
0.78,2087751
0.78,2087752
0.78,2087753
0.78,2087754
0.64,2091370
0.64,2091371
0.59,2091372
0.59,2091373
0.59,2094988
0.59,2094989
0.59,2094990
0.59,2098605
0.59,2098606
0.59,2098607
0.59,2098608
0.59,2102223
0.59,2102224
0.59,2102225
0.59,2105839
0.59,2105840
0.59,2105841
0.59,2109457
0.59,2109458
0.51,2091378
0.51,2091379
0.51,2094994
0.51,2094995
0.51,2094996
0.51,2098609
0.51,2098610
0.51,2098611
0.51,2098612
0.51,2102226
0.51,2102227
0.51,2102228
0.51,2102229
0.51,2105842
0.51,2105843
0.51,2105844
0.51,2105845
0.51,2105846
0.51,2109459
0.51,2109460
0.51,2109461
0.51,2109462
0.55,2113074
0.48,2113075
0.48,2113076
0.48,2113077
0.48,2113078
0.48,2113079
0.48,2116692
0.48,2116693
0.48,2116694
0.48,2116695
0.48,2120312
0.45,2113080
0.45,2113081
0.45,2116696
0.45,2116697
0.45,2116698
0.45,2116699
0.45,2120313
0.45,2120314
0.45,2120315
0.45,2120316
0.45,2120317
0.45,2123931
0.45,2123932
0.45,2123933
0.45,2127550
0.45,2131166
0.38,2134783
0.41,2134784
0.41,2134785
0.41,2134786
0.41,2138400
0.41,2138401
0.41,2138402
0.41,2138403
0.41,2142017
0.41,2142018
0.41,2142019
0.41,2142020
0.41,2145634
0.41,2145635
0.41,2145636
0.41,2145637
0.41,2149251
0.41,2149252
0.41,2149253
0.41,2149254
0.41,2152867
0.41,2152868
0.41,2152869
0.41,2152870
0.36,2156485
0.36,2156486
0.36,2156487
0.36,2160101
0.36,2160102
0.36,2160103
0.36,2163718
0.36,2163719
0.36,2163720
0.36,2167334
0.36,2167335
0.36,2167336
0.36,2170950
0.36,2170951
0.36,2170952
0.36,2174567
0.36,2174568
0.36,2174569
0.01,2156512
0.01,2156513
0.01,2156514
0.01,2156515
0.01,2160130
0.01,2160131
0.01,2160132
0.01,2163748
0.32,2156516
0.32,2156517
0.32,2156518
0.32,2160133
0.32,2160134
0.32,2160135
0.32,2160136
0.32,2163749
0.32,2163750
0.32,2163751
0.32,2163752
0.32,2163753
0.32,2167366
0.32,2167367
0.32,2167368
0.32,2167369
0.32,2170982
0.32,2170983
0.32,2170984
0.32,2170985
0.32,2170986
0.32,2174599
0.32,2174600
0.32,2174601
0.32,2174602
0.42,2163754
0.42,2163755
0.42,2167370
0.42,2167371
0.42,2167372
0.42,2170987
0.42,2170988
0.42,2170989
0.42,2170990
0.42,2170991
0.42,2174603
0.42,2174604
0.42,2174605
0.42,2174606
0.42,2174607
0.14,2178183
0.14,2178184
0.14,2178185
0.14,2178186
0.14,2181799
0.14,2181800
0.14,2181801
0.14,2181802
0.14,2181803
0.14,2185416
0.14,2185417
0.14,2185418
0.14,2185419
0.14,2189034
0.14,2189035
0.14,2189036
0.14,2192651
0.14,2192652
0.14,2196268
0.14,2196269
0.02,2185420
0.02,2189037
0.02,2192653
0.02,2192654
0.02,2192656
0.02,2196270
0.02,2196271
0.02,2196272
0.02,2196273
0.03,2178217
0.03,2178218
0.03,2178219
0.61,2178220
0.61,2178221
0.61,2178222
0.61,2178223
0.61,2178224
0.61,2181837
0.61,2181838
0.61,2181839
0.61,2181840
0.61,2185455
0.61,2185456
0.61,2185457
0.61,2189073
0.61,2192690
0.61,2196307
0.62,2181841
0.62,2185458
0.62,2189074
0.62,2192691
0.62,2192692
0.62,2196308
0.62,2196309
0.62,2196310
0.62,2196311
0.09,2199923
0.09,2203540
0.09,2207156
0.81,2199924
0.81,2199925
0.81,2199926
0.81,2199927
0.81,2199928
0.81,2203541
0.81,2203542
0.81,2203543
0.81,2203544
0.81,2203545
0.81,2207157
0.81,2207158
0.81,2207159
0.81,2207160
0.81,2207161
0.81,2210775
0.81,2210776
0.81,2210777
0.81,2210778
0.81,2214393
0.81,2214394
0.81,2218010
0.81,2218011
1,2199929
1,2207162
1,2210779
1,2210780
1,2214395
1,2214396
1,2214397
1,2214398
1,2218012
1,2218013
1,2218014
1,2218015
1,2218016
0.06,2221627
1,2221628
1,2221629
1,2221630
1,2221631
1,2221632
1,2225246
1,2225247
1,2225248
1,2225249
1,2228863
1,2228864
1,2228865
1,2232482
1,2236099
1,2221633
1,2225250
1,2228866
1,2228867
1,2232483
1,2232484
1,2236100
1,2236101
1,2236102
1,2239717
1,2239718
1,2239719
0.54,2243334
0.54,2243335
0.54,2243336
0.54,2243337
0.54,2246951
0.54,2246952
0.54,2246953
0.54,2250569
0.54,2250570
0.54,2254186
0.54,2261420
1,2246954
1,2250571
1,2254187
1,2254188
1,2257804
1,2257805
1,2257806
1,2261421
1,2261422
1,2261423
1,2265037
1,2265038
1,2265039
1,2265040
1,2268656
1,2268657
1,2268658
1,2272273
1,2272274
1,2275890
1,2275891
1,2279506
1,2279507
1,2283123
1,2283124
1,2272275
1,2272276
1,2275892
1,2275893
1,2279508
1,2279509
1,2279510
1,2283125
1,2283126
1,2283127
0.96,2286740
0.96,2286741
0.96,2290355
0.96,2290356
0.96,2290357
0.96,2293972
0.96,2293973
0.96,2293974
0.96,2297590
0.96,2297591
0.96,2301206
0.96,2301207
0.96,2304824
0.85,2286742
0.85,2286743
0.85,2286744
0.85,2290358
0.85,2290359
0.85,2290360
0.85,2290361
0.85,2293975
0.85,2293976
0.85,2293977
0.85,2293978
0.85,2297592
0.85,2297593
0.85,2297594
0.85,2297595
0.85,2301208
0.85,2301209
0.85,2301210
0.85,2301211
0.85,2304825
0.85,2304826
0.85,2304827
0.85,2304828
0.12,2312050
0.12,2312051
0.12,2315667
0.12,2315668
0.12,2315669
0.12,2319284
0.12,2319285
0.12,2319286
0.12,2322901
0.12,2322902
0.12,2326518
0.12,2326519
0.91,2308440
0.91,2315672
0.91,2322903
0.91,2322904
0.91,2326520
0.91,2326521
0.91,2326522
0.74,2308441
0.74,2308442
0.74,2308443
0.74,2308444
0.74,2308445
0.74,2312058
0.74,2312059
0.74,2312060
0.74,2312061
0.74,2312062
0.74,2315675
0.74,2315676
0.74,2315677
0.74,2315678
0.74,2319291
0.74,2319292
0.74,2319293
0.74,2319294
0.74,2319295
0.74,2322910
0.74,2322911
0.74,2322912
0.74,2326527
0.74,2326528
0.86,2315679
0.86,2319296
0.86,2322913
0.86,2322914
0.86,2326529
0.86,2326530
0.86,2326531
0.86,2326532
0.56,2330136
0.56,2330137
0.56,2330138
0.56,2333753
0.56,2333754
0.56,2333755
0.56,2333756
0.56,2337371
0.56,2337372
0.56,2337373
0.85,2330144
0.85,2330145
0.67,2330146
0.67,2330147
0.67,2330148
0.67,2330149
0.67,2333763
0.67,2333764
0.67,2333765
0.67,2337380
0.67,2337381
0.67,2337382
0.67,2340997
0.67,2340998
0.67,2344613
0.67,2344614
0.67,2344615
0.67,2348229
0.67,2348230
0.67,2348231
0.91,2351845
0.91,2355461
0.91,2355462
0.91,2359077
0.91,2359078
0.91,2362694
0.91,2362695
0.91,2369927
0.91,2369928
0.87,2351846
0.87,2351847
0.87,2355463
0.87,2359079
0.87,2359080
0.87,2362696
0.87,2362697
0.87,2362698
0.87,2366313
0.87,2366314
0.87,2366315
0.87,2369929
0.87,2369930
0.87,2369931
0.92,2373543
0.92,2373544
0.92,2377160
0.92,2380777
0.92,2380778
0.92,2384394
0.92,2384395
0.92,2388011
0.92,2388012
0.92,2391628
0.26,2391629
0.68,2395245
0.68,2398862
0.87,2395246
0.87,2398863
0.87,2402480
0.87,2406097
0.87,2406098
0.87,2409714
0.87,2409715
0.87,2409716
0.87,2413331
0.87,2413332
0.87,2413333
0.63,2416949
0.63,2416950
0.63,2420566
0.7,2420567
0.7,2424184
0.7,2424185
0.7,2424186
0.7,2427802
0.7,2427803
0.7,2427804
0.7,2431420
0.7,2431421
0.77,2431422
0.77,2431423
0.77,2431424
0.77,2435039
0.77,2435040
0.77,2435041
0.75,2438657
0.75,2438658
0.75,2438659
0.75,2438660
0.75,2442276
0.72,2442277
0.72,2445894
0.72,2445895
0.72,2449512
0.72,2449513
0.72,2453129
0.72,2453130
0.72,2456746
0.72,2456747
0.69,2460364
0.69,2460365
0.69,2463981
0.69,2467598
0.67,2463982
0.67,2467599
0.67,2467600
0.67,2467601
0.67,2471216
0.67,2471217
0.67,2471218
0.67,2471219
0.67,2471220
0.67,2474834
0.67,2474835
0.67,2474836
0.66,2474837
0.66,2474838
0.66,2474839
0.66,2478454
0.66,2478455
0.66,2478456
0.66,2478457
0.66,2478458
0.44,2478459
0.61,2482073
0.61,2482074
0.61,2482075
0.6,2482076
0.6,2482077
0.6,2482078
0.6,2482079
0.6,2485694
0.6,2485695
0.6,2485696
0.6,2482080
0.6,2482081
0.6,2485697
0.6,2485698
0.6,2485699
0.6,2489315
0.6,2489316
0.6,2492933
0.6,2492934
0.6,2496550
0.6,2496551
0.6,2500168
0.61,2496552
0.61,2500169
0.56,2503786
0.56,2503787
0.56,2503788
0.56,2507404
0.56,2507405
0.56,2507406
0.56,2511022
0.56,2511023
0.56,2514639
0.56,2514640
0.57,2514641
0.57,2514642
0.57,2518257
0.57,2518258
0.57,2518259
0.57,2518260
0.57,2518261
0.57,2521877
0.57,2521878
0.58,2521879
0.58,2521880
0.58,2521881
0.52,2525497
0.52,2525498
0.52,2525499
0.52,2525500
0.52,2529115
0.52,2529116
0.52,2529117
0.52,2529118
0.52,2532734
0.52,2532735
0.52,2532736
0.52,2536351
0.52,2536352
0.52,2536353
0.52,2536354
0.52,2536355
0.52,2539969
0.52,2539970
0.52,2539971
0.54,2536356
0.54,2539972
0.54,2539973
0.54,2539974
0.54,2539975
0.54,2539976
0.54,2543591
0.54,2543592
0.54,2543593
0.55,2543594
0.55,2543595
0.55,2543596
0.49,2547211
0.49,2547212
0.49,2547213
0.49,2550829
0.49,2550830
0.49,2550831
0.49,2554446
0.49,2554447
0.49,2554448
0.49,2558063
0.49,2558064
0.49,2558065
0.49,2554449
0.49,2554450
0.49,2558066
0.49,2558067
0.49,2558068
0.49,2558069
0.49,2561685
0.49,2561686
0.49,2561687
0.49,2565303
0.52,2565304
0.52,2565305
0.67,2550866
0.67,2554482
0.67,2558098
0.67,2558099
0.67,2561713
0.67,2561714
0.67,2561715
0.67,2561716
0.67,2565329
0.67,2565330
0.67,2565331
0.67,2565332
0.67,2565333
0.64,2547251
0.64,2550867
0.64,2550868
0.64,2550869
0.64,2550870
0.64,2554483
0.64,2554484
0.64,2554485
0.64,2554486
0.64,2554487
0.64,2558100
0.64,2558101
0.64,2558102
0.64,2558103
0.64,2558104
0.64,2561717
0.64,2561718
0.64,2561719
0.64,2561720
0.64,2561721
0.64,2565334
0.64,2565335
0.64,2565336
0.64,2565337
0.64,2565338
0.54,2554488
0.54,2554489
0.54,2558105
0.54,2558106
0.54,2558107
0.54,2558108
0.54,2561722
0.54,2561723
0.54,2561724
0.54,2561725
0.54,2561726
0.54,2565339
0.54,2565340
0.54,2565341
0.54,2565342
0.46,2568922
0.46,2568923
0.46,2568924
0.46,2568925
0.46,2572540
0.46,2572541
0.46,2572542
0.49,2568926
0.49,2568927
0.49,2568928
0.49,2572543
0.49,2572544
0.49,2572545
0.49,2572546
0.49,2576163
0.49,2579780
0.51,2576164
0.51,2576165
0.51,2579781
0.51,2579782
0.51,2579783
0.51,2579784
0.51,2583400
0.51,2583401
0.51,2583402
0.58,2576173
0.58,2579786
0.58,2579788
0.58,2579789
0.58,2579790
0.58,2583403
0.58,2583404
0.58,2583405
0.58,2583406
0.63,2568944
0.63,2572558
0.63,2572559
0.63,2572560
0.63,2572561
0.63,2576174
0.63,2576175
0.63,2576176
0.63,2579791
0.7,2568945
0.7,2568946
0.7,2568947
0.7,2568948
0.7,2568949
0.7,2572562
0.67,2568951
0.67,2568952
0.67,2568953
0.67,2568954
0.54,2568955
0.54,2568956
0.54,2568957
0.54,2568958
0.54,2568959
0.54,2572572
0.54,2572573
0.54,2572574
0.54,2572575
0.54,2572576
0.54,2576191
0.54,2576192
0.54,2576193
0.54,2579807
0.54,2579808
0.54,2579809
0.54,2583426
0.44,2568960
0.44,2568961
0.44,2572577
0.44,2572578
0.44,2572579
0.44,2576194
0.44,2576195
0.44,2576196
0.44,2576197
0.44,2579810
0.44,2579811
0.44,2579812
0.44,2579813
0.44,2579814
0.44,2583427
0.44,2583428
0.44,2583429
0.44,2583430
0.44,2583431
0.44,2587045
0.44,2587046
0.44,2587047
0.44,2587048
0.47,2579815
0.47,2583432
0.47,2583433
0.47,2587049
0.47,2587050
0.47,2587051
0.46,2590663
0.46,2590664
0.46,2590665
0.46,2594281
0.46,2597898
0.46,2601515
0.4,2590666
0.4,2590667
0.4,2590668
0.4,2594282
0.4,2594283
0.4,2594284
0.4,2594285
0.4,2594286
0.4,2597899
0.4,2597900
0.4,2597901
0.4,2597902
0.4,2597903
0.4,2601516
0.4,2601517
0.4,2601518
0.4,2601519
0.4,2601520
0.4,2605133
0.4,2605134
0.4,2605135
0.4,2605136
0.4,2605137
0.4,2608750
0.4,2608751
0.4,2608752
0.4,2608753
0.44,2597904
0.44,2601521
0.44,2601522
0.44,2605138
0.44,2605139
0.44,2605140
0.44,2608754
0.44,2608755
0.44,2608756
0.44,2608757
0.41,2612369
0.41,2612370
0.41,2615986
0.41,2615987
0.41,2619603
0.41,2619604
0.39,2612371
0.39,2612372
0.39,2612373
0.39,2612374
0.39,2615988
0.39,2615989
0.39,2615990
0.39,2615991
0.39,2615992
0.39,2619605
0.39,2619606
0.39,2619607
0.39,2619608
0.39,2619609
0.39,2623222
0.39,2623223
0.39,2623224
0.39,2623225
0.39,2623226
0.39,2626839
0.39,2626840
0.39,2626841
0.39,2626842
0.39,2630457
0.39,2630458
0.39,2630459
0.43,2623227
0.43,2626843
0.43,2626844
0.43,2630460
0.43,2630461
0.43,2630462
0.4,2634075
0.4,2634076
0.4,2637692
0.4,2637693
0.4,2641309
0.4,2634077
0.4,2634078
0.4,2634079
0.4,2634080
0.4,2637694
0.4,2637695
0.4,2637696
0.4,2637697
0.4,2637698
0.4,2641310
0.4,2641311
0.4,2641312
0.4,2641313
0.4,2641314
0.4,2644928
0.4,2644929
0.4,2644930
0.4,2644931
0.4,2648546
0.4,2648547
0.4,2648548
0.4,2652165
0.43,2641315
0.43,2641316
0.43,2644932
0.43,2644933
0.43,2648549
0.43,2648550
0.43,2648551
0.43,2652166
0.43,2652167
0.43,2652168
0.43,2652169
0.43,2652170
0.43,2655783
0.43,2655784
0.43,2655785
0.43,2655786
0.43,2655787
0.42,2659399
0.42,2659400
0.42,2659401
0.42,2659402
0.42,2659403
0.42,2663018
0.42,2663019
0.42,2663020
0.42,2666637
0.43,2659404
0.43,2659405
0.43,2659406
0.43,2659407
0.43,2659408
0.43,2663021
0.43,2663022
0.43,2663023
0.43,2663024
0.43,2663025
0.43,2666638
0.43,2666639
0.43,2666640
0.43,2666641
0.43,2666642
0.43,2670256
0.43,2670257
0.43,2670258
0.43,2670259
0.45,2659409
0.45,2659410
0.45,2659411
0.45,2659412
0.45,2659413
0.45,2663026
0.45,2663027
0.45,2663028
0.45,2663029
0.45,2663030
0.45,2666643
0.45,2666644
0.45,2666647
0.45,2670260
0.45,2670264
0.4,2659414
0.4,2663031
0.4,2663032
0.4,2663033
0.4,2666648
0.4,2666649
0.4,2666650
0.4,2666651
0.4,2670265
0.4,2670266
0.4,2670267
0.4,2670268
0.4,2670269
0.4,2673883
0.4,2673884
0.4,2673885
0.4,2677500
0.4,2677501
0.4,2677502
0.49,2670270
0.49,2673886
0.49,2673887
0.49,2677503
0.49,2677504
0.49,2677505
0.49,2677506
0.49,2677507
0.33,2677508
0.33,2677509
0.33,2677510
0.49,2681119
0.5,2681120
0.5,2681121
0.5,2681122
0.5,2681123
0.5,2681124
0.5,2684739
0.5,2684740
0.5,2684741
0.5,2681125
0.5,2681126
0.5,2681127
0.5,2681128
0.5,2684742
0.5,2684743
0.5,2684744
0.5,2684745
0.5,2684746
0.5,2688358
0.5,2688359
0.5,2688360
0.5,2688361
0.5,2688362
0.5,2691977
0.5,2691978
0.5,2691979
0.5,2695596
0.5,2699213
0.5,2684747
0.5,2688363
0.5,2688364
0.5,2688365
0.5,2688366
0.5,2688367
0.5,2691980
0.5,2691981
0.5,2691982
0.5,2691983
0.5,2691984
0.5,2695597
0.5,2695598
0.5,2695599
0.5,2695600
0.5,2695601
0.5,2699214
0.5,2699215
0.5,2699216
0.5,2699217
0.5,2699218
0.51,2688368
0.51,2691985
0.51,2691986
0.51,2691987
0.51,2691988
0.51,2691989
0.51,2695602
0.51,2695603
0.51,2695604
0.51,2695605
0.51,2695606
0.51,2699219
0.51,2699220
0.51,2699221
0.51,2699222
0.51,2699223
0.5,2681140
0.5,2681141
0.5,2681142
0.5,2681143
0.5,2681144
0.5,2684757
0.5,2684758
0.5,2684759
0.5,2684760
0.5,2688374
0.5,2688375
0.5,2688376
0.5,2688377
0.5,2691990
0.5,2691991
0.5,2691992
0.5,2691993
0.5,2691994
0.5,2695607
0.5,2695608
0.5,2695609
0.5,2695610
0.5,2695611
0.5,2699224
0.5,2699225
0.5,2699226
0.5,2699227
0.5,2699228
0.56,2681145
0.56,2684761
0.56,2684762
0.56,2688378
0.56,2691995
0.56,2695612
0.56,2695613
0.56,2699229
0.56,2699230
0.54,2702832
0.54,2702833
0.54,2702834
0.54,2702835
0.54,2702836
0.54,2702837
0.54,2702838
0.54,2702839
0.54,2702840
0.54,2706452
0.54,2706453
0.54,2706454
0.54,2706455
0.54,2706456
0.54,2710072
0.54,2710073
0.54,2702841
0.54,2702842
0.54,2702843
0.54,2706457
0.54,2706458
0.54,2706459
0.54,2706460
0.54,2706461
0.54,2710074
0.54,2710075
0.54,2710076
0.54,2710077
0.54,2710078
0.54,2713691
0.54,2713692
0.54,2713693
0.54,2713694
0.54,2713695
0.54,2717308
0.54,2717309
0.54,2717310
0.54,2717311
0.54,2717312
0.54,2720928
0.54,2720929
0.58,2702845
0.58,2702846
0.58,2702847
0.58,2710079
0.58,2713696
0.58,2713697
0.58,2717313
0.58,2717314
0.58,2720930
0.58,2720931
0.58,2720932
0.63,2724546
0.63,2724547
0.63,2724548
0.63,2724549
0.63,2724550
0.63,2728164
0.63,2728165
0.63,2728166
0.63,2728167
0.63,2731782
0.63,2731783
0.63,2731784
0.63,2735401
0.63,2739018
0.66,2728168
0.66,2731785
0.66,2731786
0.66,2735402
0.66,2735403
0.66,2735404
0.66,2739019
0.66,2739020
0.66,2739021
0.66,2742636
0.66,2742637
0.66,2742638
0.74,2746253
0.74,2746254
0.74,2746255
0.74,2746256
0.74,2749871
0.74,2749872
0.74,2749873
0.74,2753488
0.74,2753489
0.74,2753490
0.74,2757105
0.74,2757106
0.74,2757107
0.74,2760723
0.74,2760724
0.74,2764341
0.74,2757108
0.74,2760725
0.74,2760726
0.74,2764342
0.74,2764343
0.74,2764344
0.82,2767958
0.82,2767959
0.82,2767960
0.82,2767961
0.82,2767962
0.82,2771578
0.82,2771579
0.82,2775195
0.82,2775196
0.82,2778813
0.82,2782430
0.76,2771580
0.76,2775197
0.76,2775198
0.76,2778814
0.76,2778815
0.76,2782431
0.76,2782432
0.76,2786048
0.76,2786049
0.76,2786050
0.51,2789664
0.51,2789665
0.51,2789666
0.51,2789667
0.51,2793281
0.51,2793282
0.51,2793283
0.51,2793284
0.51,2796898
0.51,2796899
0.51,2796900
0.51,2796901
0.51,2800516
0.51,2800517
0.51,2800518
0.51,2804133
0.51,2804134
0.51,2804135
0.51,2807749
0.51,2807750
0.51,2807751
0.51,2807752
0.7,2818368
0.7,2818369
0.7,2821985
0.7,2821986
0.64,2814982
0.64,2811366
0.64,2811367
0.64,2814983
0.64,2814984
0.64,2818599
0.64,2818600
0.64,2822216
0.64,2822217
0.64,2825834
0.64,2829451
0.64,2829452
0.64,2833068
0.64,2833069
0.61,2822223
0.61,2825840
0.61,2825841
0.61,2825842
0.61,2829457
0.61,2829458
0.61,2829459
0.61,2833075
0.61,2833076
0.62,2829460
0.62,2833077
0.62,2833078
0.62,2833079
0.59,2836686
0.59,2836687
0.59,2840302
0.59,2840303
0.59,2840304
0.59,2840305
0.59,2836693
0.59,2840306
0.59,2840307
0.59,2843922
0.59,2843923
0.59,2843924
0.59,2847540
0.59,2847541
0.59,2847542
0.59,2847543
0.59,2851158
0.59,2851159
0.59,2851160
0.59,2854775
0.59,2854776
0.59,2854777
0.58,2836694
0.58,2836695
0.58,2836696
0.58,2840311
0.58,2840312
0.58,2840313
0.58,2843927
0.58,2843928
0.58,2843929
0.58,2843930
0.58,2847544
0.58,2847545
0.58,2847546
0.58,2847547
0.58,2851161
0.58,2851163
0.58,2851164
0.58,2851165
0.58,2854781
0.58,2854782
0.61,2854783
0.61,2854784
0.61,2854785
0.58,2858398
0.58,2858399
0.58,2862015
0.58,2862016
0.58,2865632
0.58,2865633
0.57,2858400
0.57,2858401
0.57,2858402
0.57,2858403
0.57,2862017
0.57,2862018
0.57,2862019
0.57,2862020
0.57,2862021
0.57,2865634
0.57,2865637
0.57,2865638
0.6,2865639
0.6,2869255
0.6,2869256
0.6,2869257
0.6,2872872
0.6,2872873
0.6,2872874
0.6,2872875
0.6,2876491
0.6,2876492
0.49,2880108
0.49,2880109
0.49,2880110
0.49,2883725
0.49,2883726
0.49,2883727
0.49,2887340
0.49,2887341
0.49,2887342
0.49,2887343
0.49,2887344
0.49,2890957
0.49,2890958
0.49,2890959
0.49,2890960
0.49,2890961
0.49,2894574
0.49,2894575
0.49,2894576
0.49,2898192
0.49,2898193
0.49,2898194
0.6,2890962
0.6,2890963
0.6,2894579
0.6,2894580
0.6,2894581
0.6,2894582
0.6,2898196
0.6,2898197
0.6,2898198
0.6,2898199
0.75,2880150
0.75,2883765
0.75,2883766
0.75,2883767
0.75,2887382
0.75,2887383
0.75,2887384
0.75,2890998
0.75,2890999
0.75,2891000
0.75,2891001
0.75,2894615
0.75,2894616
0.75,2894617
0.75,2898231
0.75,2898232
0.75,2898233
0.75,2898234
0.77,2880151
0.77,2880152
0.77,2880153
0.77,2880154
0.77,2880155
0.77,2883768
0.77,2883769
0.77,2883770
0.77,2883771
0.77,2883772
0.77,2887385
0.77,2887386
0.77,2887387
0.77,2887388
0.77,2887389
0.77,2891002
0.77,2891003
0.77,2891004
0.77,2891005
0.77,2891006
0.77,2894618
0.77,2894619
0.77,2894620
0.77,2894621
0.77,2894622
0.77,2898235
0.77,2898236
0.77,2898237
0.77,2898238
0.77,2898239
0.7,2880156
0.7,2883773
0.7,2883774
0.7,2887390
0.7,2887391
0.7,2887392
0.7,2887393
0.7,2891007
0.7,2891008
0.7,2891009
0.7,2891010
0.7,2894623
0.7,2894624
0.7,2894625
0.7,2894626
0.7,2894627
0.7,2898240
0.7,2898241
0.7,2898242
0.7,2898243
0.7,2898244
0.59,2901808
0.59,2901809
0.59,2901810
0.59,2901811
0.59,2905428
0.58,2901812
0.58,2901813
0.58,2901814
0.58,2901815
0.58,2901816
0.58,2905429
0.58,2905430
0.58,2905431
0.58,2905432
0.58,2905433
0.58,2909047
0.58,2909048
0.58,2909049
0.58,2909050
0.58,2912667
0.54,2909052
0.54,2909053
0.54,2909054
0.54,2909055
0.54,2912668
0.54,2912669
0.54,2912670
0.54,2912671
0.54,2912672
0.54,2916285
0.54,2916286
0.54,2916288
0.54,2916289
0.54,2919902
0.54,2919903
0.58,2905439
0.58,2909056
0.58,2909057
0.58,2909058
0.58,2909059
0.58,2912673
0.58,2912674
0.58,2912675
0.58,2912676
0.58,2912677
0.58,2916290
0.58,2916291
0.58,2916292
0.58,2916293
0.58,2916294
0.58,2919907
0.58,2919908
0.58,2919909
0.58,2919910
0.58,2919911
0.64,2912678
0.64,2912680
0.64,2916295
0.64,2916296
0.64,2916297
0.64,2919912
0.64,2919913
0.64,2919914
0.63,2905462
0.63,2905463
0.63,2909076
0.63,2909077
0.63,2909078
0.63,2909079
0.63,2909080
0.63,2912693
0.63,2912694
0.63,2912695
0.63,2912696
0.63,2912697
0.63,2916310
0.63,2916311
0.63,2916312
0.63,2916313
0.63,2916314
0.63,2919927
0.63,2919928
0.63,2919929
0.63,2919930
0.63,2919931
0.74,2901847
0.74,2901848
0.74,2901849
0.74,2901850
0.74,2901851
0.74,2905464
0.74,2905465
0.74,2905466
0.74,2905467
0.74,2905468
0.74,2909081
0.74,2909082
0.74,2909083
0.74,2909084
0.74,2912698
0.74,2912699
0.74,2912700
0.74,2912701
0.74,2916315
0.74,2916316
0.74,2916317
0.74,2919932
0.74,2919933
0.8,2901852
0.8,2901853
0.8,2901855
0.8,2901856
0.8,2905472
0.8,2905473
0.8,2909089
0.8,2909090
0.8,2912706
0.8,2912707
0.8,2916323
0.8,2916324
0.8,2919941
0.73,2901857
0.73,2901858
0.73,2901859
0.73,2901860
0.73,2901861
0.73,2905474
0.73,2905475
0.73,2905476
0.73,2905477
0.73,2905478
0.73,2909091
0.73,2909092
0.73,2909093
0.73,2909094
0.73,2909095
0.73,2912708
0.73,2912709
0.73,2912710
0.73,2912711
0.73,2912712
0.73,2916325
0.73,2916326
0.73,2916327
0.73,2916328
0.73,2916329
0.73,2919942
0.73,2919943
0.73,2919944
0.73,2919945
0.73,2919946
0.58,2901862
0.58,2901863
0.58,2901864
0.58,2901865
0.58,2901866
0.58,2905479
0.58,2905480
0.58,2905481
0.58,2905482
0.58,2905483
0.58,2909096
0.58,2909097
0.58,2909098
0.58,2909099
0.58,2909100
0.58,2912713
0.58,2912714
0.58,2912715
0.58,2912717
0.58,2916330
0.58,2916331
0.58,2916332
0.58,2919947
0.58,2919948
0.6,2923524
0.6,2923525
0.6,2923526
0.6,2923527
0.6,2923528
0.6,2927141
0.6,2927142
0.6,2927143
0.6,2927144
0.6,2927145
0.6,2930758
0.6,2930759
0.6,2930760
0.6,2930761
0.6,2930762
0.6,2934375
0.6,2934376
0.6,2941610
0.6,2941611
0.63,2923529
0.63,2923530
0.63,2923531
0.63,2923532
0.63,2927146
0.63,2927147
0.63,2927148
0.63,2927149
0.63,2930763
0.63,2930764
0.63,2930765
0.63,2930766
0.63,2934380
0.63,2934381
0.63,2934382
0.63,2934383
0.63,2937997
0.63,2937998
0.63,2937999
0.63,2938000
0.63,2941613
0.63,2941614
0.63,2941615
0.63,2941616
0.66,2927153
0.66,2927154
0.66,2927155
0.66,2930770
0.66,2930771
0.66,2934384
0.66,2934387
0.66,2934388
0.66,2938001
0.66,2938002
0.66,2938003
0.66,2938004
0.66,2938005
0.66,2941618
0.66,2941619
0.66,2941620
0.66,2941621
0.66,2941622
0.68,2930772
0.68,2934389
0.68,2938006
0.68,2941623
0.72,2923544
0.72,2923545
0.72,2923546
0.72,2923547
0.72,2923548
0.72,2927162
0.72,2927163
0.72,2927164
0.72,2927165
0.72,2930779
0.72,2930780
0.72,2930781
0.72,2934397
0.72,2934398
0.72,2938015
0.72,2941632
0.81,2923549
0.81,2923550
0.81,2930782
0.81,2934399
0.81,2938016
0.81,2941633
0.73,2923559
0.73,2923560
0.73,2923561
0.73,2923562
0.73,2923563
0.55,2923564
0.55,2927180
0.55,2927181
0.55,2930797
0.55,2930798
0.55,2930799
0.55,2934415
0.55,2934416
0.55,2938032
0.55,2938033
0.55,2938034
0.55,2941650
0.55,2941651
0.64,2945227
0.64,2945228
0.64,2948844
0.64,2948845
0.67,2945230
0.67,2945231
0.67,2945232
0.67,2945233
0.67,2945234
0.67,2948848
0.67,2948849
0.67,2948850
0.67,2948851
0.67,2952465
0.67,2952466
0.67,2952467
0.67,2952468
0.67,2956082
0.67,2956083
0.67,2956084
0.67,2956085
0.67,2959699
0.67,2959700
0.71,2945236
0.71,2945237
0.71,2945238
0.71,2945239
0.71,2948853
0.71,2948854
0.71,2948855
0.71,2948856
0.71,2952473
0.73,2945240
0.73,2948857
0.73,2952474
0.73,2956091
0.73,2956092
0.73,2956093
0.73,2956094
0.73,2956095
0.73,2959708
0.73,2959709
0.73,2959710
0.73,2959711
0.73,2959712
0.8,2945249
0.8,2948863
0.8,2948864
0.8,2948865
0.8,2948866
0.8,2952479
0.8,2952480
0.8,2952481
0.8,2952482
0.8,2952483
0.8,2956096
0.8,2956097
0.8,2956098
0.8,2959713
0.8,2959714
0.91,2945250
0.91,2948867
0.57,2945267
0.57,2945268
0.57,2948884
0.57,2948885
0.57,2948886
0.57,2952503
0.57,2956120
0.45,2952504
0.45,2956121
0.45,2959738
0.45,2959739
0.45,2963356
0.45,2963357
0.45,2966973
0.45,2966974
0.48,2970590
0.48,2970591
0.48,2974207
0.48,2974208
0.48,2974209
0.48,2977825
0.48,2977826
0.48,2981443
0.48,2985060
0.52,2981444
0.52,2981445
0.52,2985061
0.52,2985062
0.52,2988678
0.52,2988679
0.22,2995911
0.22,2999528
0.22,3003145
0.22,3006762
0.22,3010379
0.53,2992295
0.53,2992296
0.53,2995912
0.53,2995913
0.53,2999529
0.53,3006763
0.53,3010380
0.53,3010381
0.72,3028368
0.72,3031984
0.72,3031985
0.72,3031986
0.1,3024846
0.1,3028463
0.1,3032080
0.53,3013997
0.53,3013998
0.53,3017614
0.53,3017615
0.53,3021231
0.53,3021232
0.53,3024847
0.53,3024848
0.53,3024849
0.53,3028464
0.53,3028465
0.53,3032081
0.75,3035601
0.75,3035602
0.51,3035698
0.51,3035699
0.51,3039315
0.51,3039316
0.51,3042932
0.51,3042933
0.51,3046549
0.51,3046550
0.51,3050166
0.51,3050167
0.51,3053783
0.51,3053784
0.47,3057400
0.47,3057401
0.47,3061017
0.47,3061018
0.47,3064634
0.47,3064635
0.47,3068251
0.47,3068252
0.47,3071867
0.47,3071868
0.47,3071869
0.47,3075484
0.47,3075485
0.47,3075486
0.93,3100761
0.93,3100762
0.27,3079100
0.27,3082717
0.27,3086334
0.27,3089951
0.27,3093568
0.27,3097185
0.27,3100802
0.42,3079101
0.42,3079102
0.42,3079103
0.42,3082718
0.42,3082719
0.42,3086335
0.42,3086336
0.42,3089952
0.42,3089953
0.42,3089954
0.42,3093569
0.42,3093570
0.42,3093571
0.42,3097186
0.42,3097187
0.42,3097188
0.42,3097189
0.42,3100803
0.42,3100804
0.42,3100805
0.42,3100806
0.66,3104419
0.66,3108036
0.66,3111653
0.66,3115270
0.66,3118886
0.66,3118887
0.66,3122503
0.66,3122504
0.35,3104420
0.35,3104421
0.35,3104422
0.35,3104423
0.35,3104424
0.35,3108037
0.35,3108038
0.35,3108039
0.35,3108040
0.35,3108041
0.35,3111654
0.35,3111655
0.35,3111656
0.35,3111657
0.35,3115271
0.35,3115272
0.35,3115273
0.35,3115274
0.35,3118888
0.35,3118889
0.35,3118890
0.35,3122505
0.35,3122506
0.35,3122507
0.86,3136967
0.86,3140584
0.86,3144199
0.86,3144200
0.86,3144201
0.51,3126120
0.51,3126121
0.51,3129736
0.51,3129737
0.51,3129738
0.51,3133352
0.51,3133353
0.51,3133354
0.51,3133355
0.51,3136968
0.51,3136969
0.51,3136970
0.51,3136971
0.51,3136972
0.51,3140585
0.51,3140586
0.51,3140587
0.51,3140588
0.51,3144202
0.51,3144203
0.51,3144204
0.51,3144205
0.39,3126122
0.39,3126123
0.39,3129739
0.39,3129740
0.72,3162280
0.72,3165896
0.72,3165897
0.41,3147815
0.41,3147816
0.41,3147817
0.41,3147818
0.41,3151431
0.41,3151432
0.41,3151433
0.41,3151434
0.41,3155047
0.41,3155048
0.41,3155049
0.41,3155050
0.41,3155051
0.41,3158664
0.41,3158665
0.41,3158666
0.41,3158667
0.41,3158668
0.41,3162281
0.41,3162282
0.41,3162283
0.41,3162284
0.41,3162285
0.41,3165898
0.41,3165900
0.41,3165901
0.41,3165902
0.59,3147819
0.59,3147820
0.59,3147821
0.59,3147822
0.59,3151435
0.59,3151436
0.59,3151437
0.59,3151438
0.59,3151439
0.59,3155052
0.59,3155053
0.59,3155054
0.59,3155055
0.59,3158669
0.59,3158670
0.59,3158671
0.59,3162286
0.59,3162287
0.59,3162288
0.59,3165904
0.59,3165905
0.3,3169513
0.3,3169514
0.3,3173129
0.3,3173130
0.3,3173131
0.3,3176746
0.3,3176747
0.3,3176748
0.3,3180363
0.3,3180364
0.3,3183980
0.3,3183981
0.3,3187597
0.3,3187598
0.3,3187599
0.98,3205550
0.98,3209167
1,3202062
1,3205679
1,3209296
0.8,3191214
0.8,3191215
0.8,3191216
0.8,3194830
0.8,3194831
0.8,3194832
0.8,3194833
0.8,3198446
0.8,3198447
0.8,3198448
0.8,3198449
0.8,3198450
0.8,3202063
0.8,3202064
0.8,3205680
0.8,3209297
0.8,3209298
0.68,3216401
0.68,3216402
0.68,3216403
0.68,3220018
0.68,3220019
0.68,3220020
0.44,3230988
0.44,3234605
1,3227372
1,3227373
1,3227376
1,3230989
1,3230990
1,3230991
1,3230992
1,3230993
1,3234606
1,3234607
1,3234608
1,3234609
1,3234610
0.95,3212913
0.95,3216530
0.95,3220146
0.95,3220147
0.95,3223761
0.95,3223762
0.95,3223763
0.95,3223764
0.95,3227377
0.95,3227378
0.95,3227379
0.95,3227380
0.95,3227381
0.95,3230994
0.95,3230995
0.95,3230996
0.95,3230997
0.95,3234611
0.94,3212914
0.94,3212915
0.94,3216531
0.94,3216532
0.94,3220148
0.94,3220149
0.94,3223765
0.94,3223766
0.94,3227382
0.94,3230999
0.54,3248965
0.54,3248966
0.54,3252582
0.54,3252583
0.54,3256199
0.54,3256200
1,3238222
1,3241838
1,3241839
1,3245455
1,3245456
1,3249072
1,3252689
1,3252690
1,3256306
1,3256307
0.9,3238223
0.9,3238224
0.9,3238225
0.9,3238226
0.9,3241840
0.9,3241841
0.9,3241843
0.11,3274277
0.11,3277893
0.11,3277894
0.29,3270661
0.29,3270662
0.29,3274278
0.29,3274279
0.29,3274280
0.29,3277896
0.29,3277897
0.04,3259819
0.04,3263435
0.04,3263436
0.04,3267052
0.04,3267053
0.04,3270670
0.4,3263437
0.4,3263438
0.4,3267054
0.4,3267055
0.4,3270671
0.45,3263442
0.45,3267059
1,3259923
1,3259924
1,3263540
1,3263541
1,3267157
1,3267158
1,3270773
1,3270774
1,3270775
1,3274390
1,3274391
1,3274392
1,3278006
1,3278007
1,3278008
1,3278009
0.17,3285134
0.17,3285135
0.17,3285136
0.17,3285137
0.17,3288751
0.17,3288752
0.17,3288753
0.17,3288754
0.17,3288755
0.17,3292368
0.17,3292369
0.17,3292371
0.17,3292372
0.17,3295985
0.17,3295986
0.17,3295987
0.17,3295988
0.17,3295989
0.17,3299602
0.17,3299604
0.17,3299605
0.17,3299606
0.24,3295990
0.24,3295991
0.24,3299607
0.24,3299608
0.24,3299609
1,3296089
1,3299705
1,3299706
1,3281623
1,3281624
1,3281625
1,3285239
1,3285240
1,3285241
1,3288856
1,3288857
1,3288858
1,3292473
1,3296090
1,3299707
0.04,3303219
0.04,3303220
0.04,3303222
0.04,3303223
0.04,3306836
0.04,3306837
0.04,3306838
0.04,3306839
0.04,3306840
0.04,3310453
0.04,3310454
0.04,3310455
0.04,3310456
0.04,3310457
0.04,3314071
0.04,3314072
0.04,3314074
0.04,3317688
0.04,3317689
0.04,3321304
0.04,3321305
0.04,3303224
0.04,3303225
0.04,3303226
0.04,3303227
0.04,3306843
0.04,3306844
0.04,3310460
0.04,3310461
0.04,3314075
0.04,3314076
0.04,3314077
0.04,3314078
0.04,3314079
0.04,3317692
0.04,3317693
0.04,3317696
0.09,3303230
0.09,3310467
0.09,3314083
0.09,3314084
0.09,3317700
0.09,3317701
0.09,3321316
0.09,3321317
0.09,3321318
0.11,3306852
0.11,3306853
0.11,3310468
0.11,3310469
0.11,3310470
0.11,3314085
0.11,3314086
0.11,3314087
0.11,3317702
0.11,3317703
0.11,3317704
0.11,3321319
0.11,3321320
1,3303322
1,3303323
1,3306939
1,3306940
1,3310556
1,3310557
1,3314173
1,3314174
1,3317789
1,3317790
1,3317791
1,3321404
1,3321405
1,3321406
1,3321407
1,3321408
0.61,3303324
0.61,3306941
0.61,3306942
0.61,3310558
0.61,3310559
1,3335871
1,3339488
1,3325021
1,3325022
1,3328638
1,3332255
1,3332256
1,3335872
1,3335873
1,3335874
1,3339489
1,3339490
1,3339491
1,3343106
1,3343107
1,3343108
1,3346723
1,3346724
1,3346725
1,3361190
1,3364807
1,3368424
0.87,3350340
0.87,3350341
0.87,3353957
0.87,3353958
0.87,3357574
0.87,3357575
0.87,3357576
0.87,3361191
0.87,3361192
0.87,3361193
0.87,3364808
0.87,3364809
0.87,3364810
0.87,3368425
0.87,3368426
0.87,3368427
0.92,3372041
0.92,3375658
0.92,3379275
0.92,3382892
0.92,3386509
0.63,3372042
0.63,3372043
0.63,3372044
0.63,3375659
0.63,3375660
0.63,3375661
0.63,3379276
0.63,3379277
0.63,3382893
0.63,3382894
0.63,3386510
0.63,3386511
0.63,3386512
0.63,3386513
0.63,3390127
0.63,3390128
0.63,3390129
0.63,3390130
0.63,3390131
0.37,3393745
0.37,3393746
0.37,3393747
0.37,3393748
0.37,3397363
0.37,3397364
0.37,3397365
0.37,3400980
0.37,3400981
0.37,3400982
0.37,3404597
0.37,3404598
0.37,3404599
0.37,3408214
0.37,3408215
0.37,3408216
0.37,3411831
0.37,3411832
0.37,3411833
0.11,3393749
0.11,3393752
0.11,3393753
0.11,3397366
0.11,3397367
0.11,3397368
0.11,3397369
0.11,3397370
0.11,3400983
0.11,3400984
0.11,3400985
0.11,3400986
0.11,3400987
0.11,3404600
0.11,3404601
0.11,3404602
0.11,3404603
0.11,3408217
0.11,3408218
0.11,3408219
0.11,3408221
0.11,3411834
0.11,3411835
0.11,3411836
0.11,3411838
0.11,3411839
0.28,3393754
0.28,3393755
0.28,3393756
0.28,3393757
0.28,3397371
0.28,3397372
0.28,3397373
0.28,3397374
0.28,3400988
0.28,3400989
0.28,3400990
0.28,3404605
0.28,3404606
0.28,3404607
0.28,3408222
0.28,3408223
0.28,3411840
0.19,3415449
0.19,3415450
0.19,3415451
0.19,3419066
0.19,3419067
0.19,3419068
0.19,3422682
0.19,3422684
0.19,3422685
0.19,3426299
0.19,3426301
0.19,3426302
0.19,3429916
0.19,3429918
0.19,3429919
0.19,3433533
0.19,3433534
0.19,3433535
0.19,3433536
0.18,3415457
0.18,3419074
0.18,3422691
0.1,3437151
0.1,3437152
0.1,3437153
0.1,3440766
0.1,3440767
0.1,3440768
0.1,3440769
0.1,3440770
0.1,3444383
0.1,3444384
0.1,3444385
0.1,3444386
0.1,3448000
0.1,3448001
0.1,3451617
0.1,3451618
0.1,3455234
0.1,3455235
0.1,4298134
0.1,4298135
0.1,4301752
0.34,4319838
0.34,4323455
0.34,4323456
0.34,4327072
0.34,4327073
0.34,4330690
0.34,4337924
0.57,4352393
0.77,4377714
0.81,4384949
0.81,4388566
0.81,4392183
0.81,4392184
0.81,4395801
0.81,4399418
0.35,4471759
0.35,4471760
0.35,4475377
0.35,4478994
0.35,4482611
0.35,4486228
0.35,4486229
0.35,4489846
0.73,4493463
0.73,4497080
0.73,4497081
0.36,4558570
0.36,4565805
0.36,4565806
0.36,4569422
0.36,4569423
0.36,4573040
0.36,4573041
0.36,4576658
0.66,4580275
0.66,4580276
0.66,4583892
0.66,4583893
0.66,4587509
0.66,4587510
0.66,4591127
0.66,4591128
0.66,4594744
0.66,4594745
0.9,4598361
0.9,4598362
0.9,4601979
0.9,4605596
0.9,4609213
0.84,4688795
0.84,4692413
0.84,4696030
0.84,4699647
0.84,4699648
0.84,4703265
0.07,4706881
0.07,4710499
0.07,4714116
0.07,4717733
0.07,4721350
0.07,4721351
0.82,4706882
0.82,4710500
0.82,4717734
0.17,4724966
0.17,4724967
0.17,4724968
0.17,4728583
0.17,4728584
0.17,4732201
0.17,4732202
0.17,4735818
0.17,4735819
0.17,4739436
0.17,4739437
0.17,4743053
0.17,4743054
0.17,4746671
0.17,4746672
0.17,4750288
0.17,4750289
0.17,4753905
0.17,4753906
0.17,4757521
0.17,4757522
0.17,4757523
0.17,4761139
0.17,4761140
0.17,4764756
0.17,4764757
0.06,4771990
0.06,4775607
0.06,4779225
0.06,4782842
0.06,4786459
0.06,4786460
0.15,4768373
0.15,4775608
0.16,4790076
0.16,4790077
0.16,4793694
0.16,4797311
0.16,4800928
0.16,4804545
0.16,4804546
0.15,4815395
0.15,4819012
0.15,4822629
0.15,4826246
0.15,4826247
0.15,4808162
0.15,4808163
0.15,4811778
0.15,4811779
0.15,4811780
0.15,4815396
0.15,4815397
0.15,4819013
0.15,4822630
0.07,4829863
0.07,4829864
0.07,4833480
0.07,4833481
0.07,4837098
0.07,4837099
0.07,4840715
0.07,4840716
0.07,4844332
0.07,4844333
0.07,4847949
0.07,4847950
0.45,4866034
0.14,4851566
0.14,4851567
0.14,4855183
0.14,4855184
0.14,4858801
0.14,4858802
0.14,4862418
0.14,4862419
0.14,4866035
0.14,4866036
0.72,4887735
0.24,4869653
0.24,4873270
0.64,4891351
0.64,4891352
0.64,4894969
0.64,4894970
0.64,4898586
0.64,4898587
0.64,4902203
0.64,4902204
0.64,4905820
0.64,4905821
0.64,4905822
0.64,4909438
0.64,4909439
0.15,4891353
0.15,4891354
0.15,4891355
0.15,4891356
0.15,4894971
0.15,4894972
0.15,4894973
0.15,4898588
0.15,4898589
0.15,4898590
0.68,4913055
0.68,4913056
0.68,4916673
0.68,4916674
0.68,4920290
0.68,4920291
0.68,4920292
0.68,4923908
0.68,4923909
0.68,4927526
0.68,4927527
0.35,4923910
0.35,4927528
0.81,4945610
0.63,4931144
0.63,4934762
0.63,4938379
0.63,4941993
0.63,4941994
0.63,4941995
0.63,4941996
0.63,4941997
0.63,4945611
0.63,4945612
0.63,4945613
0.63,4945614
0.63,4949228
0.63,4949229
0.63,4949230
0.63,4949231
0.63,4949232
0.51,4931145
0.51,4934763
0.51,4938380
0.51,4945615
0.46,4952846
0.46,4952847
0.46,4952848
0.46,4952849
0.46,4956465
0.46,4956466
0.46,4956467
0.46,4960083
0.46,4960084
0.46,4963702
0.46,4967319
0.46,4970937
0.65,4952850
0.65,4956468
0.65,4960085
0.65,4960086
0.65,4963703
0.65,4967320
0.65,4967321
0.65,4970938
0.65,4970939
0.77,4974555
0.77,4974556
0.77,4974557
0.77,4978173
0.77,4978174
0.77,4978175
0.77,4981790
0.77,4981791
0.77,4981792
0.77,4985408
0.77,4985409
0.77,4985410
0.77,4989025
0.77,4989026
0.77,4989027
0.72,4992642
0.72,4996259
0.72,4999876
0.72,4999877
0.72,5003493
0.72,5003494
0.72,5007111
0.72,5007112
0.72,5010727
0.72,5010728
0.72,5010729
0.86,4992643
0.86,4992644
0.86,4996260
0.86,4996261
0.86,4999878
0.86,5003495
0.86,5003496
0.86,5007113
0.41,5014345
0.41,5014346
0.41,5017962
0.41,5017963
0.41,5021579
0.41,5021580
0.41,5025197
0.41,5025198
0.41,5028814
0.41,5028815
0.41,5032432
0.41,5032433
1,5050518
0.9,5036049
0.9,5036050
0.9,5039666
0.9,5039667
0.9,5043284
0.9,5046901
0.9,5046902
0.9,5050519
0.98,5054135
0.98,5057753
1,5054136
1,5057754
1,5061371
1,5061372
1,5064989
1,5064990
1,5068606
1,5068607
1,5072224
1,5072225
1,5083075
1,5083076
1,5086692
1,5086693
1,5090310
1,5090311
0.95,5075842
0.95,5075843
0.95,5075844
0.95,5075845
0.95,5079459
0.95,5079460
0.95,5079461
0.95,5083077
0.95,5083078
0.95,5083079
0.95,5083080
0.95,5086694
0.95,5086695
0.95,5086696
0.95,5086697
0.95,5090315
1,5093927
1,5093928
1,5097544
1,5097545
1,5097546
1,5101162
1,5101163
1,5104779
1,5104780
1,5108397
1,5108398
1,5112014
1,5112015
0.24,5093933
0.24,5093934
0.24,5097551
0.24,5097552
0.24,5101168
0.24,5101169
0.24,5101170
0.24,5101171
0.24,5101172
0.24,5104786
0.24,5104787
0.24,5104788
0.24,5104789
0.24,5108404
0.24,5108405
0.24,5108406
0.24,5112021
0.24,5112022
0.24,5112023
1,5115632
1,5115633
1,5119250
1,5119251
1,5122866
1,5122867
1,5122868
1,5126484
1,5126485
1,5130101
1,5130102
1,5130103
0.7,5115635
0.7,5115636
0.7,5115637
0.7,5115638
0.7,5119253
0.7,5119254
0.7,5119255
0.7,5122872
0.7,5122873
0.7,5126489
0.7,5126490
0.7,5130107
0.7,5130108
0.59,5115639
0.59,5115640
0.59,5115641
0.59,5115642
0.59,5119256
0.59,5119257
0.59,5119258
0.59,5119259
0.59,5122874
0.59,5122876
0.59,5122877
0.59,5126491
0.59,5126492
0.59,5126494
0.59,5130109
0.59,5130110
0.33,5115643
0.33,5115644
0.33,5115645
0.33,5115646
0.33,5119260
0.33,5119261
0.33,5122878
0.33,5122879
0.33,5126495
0.33,5126496
0.33,5126497
0.33,5130113
0.33,5130114
0.33,5130115
1,5140952
1,5144570
1,5151803
1,5151804
1,5151805
0.91,5133718
0.91,5133719
0.91,5133720
0.91,5137336
0.91,5137337
0.91,5140953
0.91,5140954
0.91,5144571
0.91,5144572
0.91,5144573
0.91,5148188
0.91,5148189
0.91,5148190
0.91,5148191
0.91,5148192
0.91,5151806
0.91,5151807
0.91,5151808
0.91,5151809
0.67,5133725
0.67,5137341
0.67,5137342
0.67,5137343
0.67,5140959
0.67,5140960
0.67,5140961
0.67,5144577
0.67,5144578
0.67,5148193
0.67,5148194
0.67,5148195
0.67,5151810
0.67,5151811
0.67,5151812
0.67,5133726
0.67,5133727
0.67,5133728
0.67,5133730
0.67,5137344
0.67,5140965
0.67,5144579
0.67,5144582
0.67,5148199
0.67,5148200
0.67,5151816
0.67,5151817
0.66,5133731
0.66,5133732
0.66,5137348
0.66,5137349
0.66,5137350
0.66,5140966
0.66,5144583
0.66,5151818
0.93,5155420
0.93,5155421
0.93,5155422
0.93,5155423
0.93,5159037
0.93,5159038
0.93,5159039
0.93,5159040
0.93,5162655
0.93,5162656
0.79,5155424
0.79,5155425
0.79,5155426
0.79,5159041
0.79,5162661
0.79,5162662
0.79,5166278
0.79,5166279
0.79,5169895
0.79,5169896
0.79,5169897
0.71,5155428
0.71,5155429
0.71,5162663
0.71,5162664
0.71,5162665
0.71,5166280
0.71,5166281
0.71,5166282
0.71,5166283
0.71,5169898
0.71,5169899
0.71,5169900
0.71,5169901
0.72,5155433
0.72,5155434
0.72,5155435
0.72,5159050
0.72,5159051
0.72,5159052
0.72,5159053
0.72,5162667
0.72,5162669
0.72,5162670
0.72,5166286
0.72,5166287
0.72,5166288
0.72,5169902
0.72,5169903
0.72,5169904
0.72,5169905
0.32,5155436
0.32,5159054
0.32,5162671
0.32,5162672
0.32,5166289
0.78,5180744
0.78,5180745
0.78,5180746
0.78,5184361
0.78,5184362
0.78,5184363
0.78,5187979
0.78,5187980
0.78,5187981
0.78,5191596
0.78,5191597
0.78,5191598
0.78,5191599
0.6,5173512
0.6,5173513
0.6,5173514
0.6,5173515
0.6,5177129
0.6,5177130
0.6,5177131
0.6,5177132
0.6,5180747
0.6,5180748
0.6,5180749
0.6,5180750
0.6,5184364
0.6,5184365
0.6,5184366
0.6,5184367
0.6,5187982
0.6,5187983
0.6,5187984
0.6,5187985
0.6,5191600
0.6,5191601
0.6,5191602
0.6,5191603
0.6,5173516
0.6,5173517
0.6,5173518
0.6,5173519
0.6,5177133
0.6,5177134
0.6,5177135
0.6,5177136
0.6,5180751
0.6,5180752
0.6,5180753
0.6,5180754
0.6,5184368
0.6,5184369
0.6,5184370
0.6,5184371
0.6,5187986
0.6,5187987
0.6,5187988
0.6,5187989
0.6,5191604
0.6,5191605
0.6,5191606
0.6,5191607
0.7,5173520
0.7,5173521
0.7,5173522
0.7,5173523
0.7,5177137
0.7,5177138
0.7,5177139
0.7,5177140
0.7,5180755
0.7,5180756
0.7,5180757
0.7,5184372
0.7,5184373
0.7,5184374
0.7,5184375
0.7,5184376
0.7,5187990
0.7,5187991
0.7,5187992
0.7,5187993
0.7,5191608
0.7,5191609
0.7,5191610
0.7,5191611
0.74,5184377
0.74,5187994
0.74,5187995
0.74,5187996
0.74,5187997
0.74,5191612
0.74,5191613
0.74,5191614
0.74,5191615
0.85,5198829
0.85,5198830
0.85,5202446
0.85,5202447
0.85,5206063
0.85,5206064
0.85,5206065
0.85,5209681
0.85,5209682
0.85,5209683
0.74,5195213
0.74,5195214
0.74,5195215
0.74,5195216
0.74,5198831
0.74,5198832
0.74,5198833
0.74,5198834
0.74,5202448
0.74,5202449
0.74,5202450
0.74,5202451
0.74,5206066
0.74,5206067
0.74,5206068
0.74,5206069
0.74,5209684
0.74,5209685
0.74,5209686
0.74,5209687
0.62,5195217
0.62,5195218
0.62,5195219
0.62,5195220
0.62,5198835
0.62,5198836
0.62,5202452
0.62,5202453
0.62,5202454
0.62,5202455
0.62,5206070
0.62,5206071
0.62,5206072
0.62,5206073
0.62,5209688
0.62,5209689
0.62,5209690
0.62,5209691
0.58,5195221
0.58,5195222
0.58,5195223
0.58,5195224
0.58,5198839
0.58,5198840
0.58,5198841
0.58,5198842
0.58,5202456
0.58,5202457
0.58,5202458
0.58,5202459
0.58,5206074
0.58,5206075
0.58,5206076
0.58,5206077
0.58,5209692
0.58,5209693
0.58,5209694
0.58,5209695
0.63,5195225
0.63,5195226
0.63,5195227
0.63,5195228
0.63,5198843
0.63,5198844
0.63,5202460
0.63,5202461
0.63,5202462
0.63,5202464
0.63,5206078
0.63,5206079
0.63,5206081
0.63,5209696
0.63,5209697
0.63,5209698
0.67,5195229
0.67,5195230
0.67,5195231
0.67,5198847
0.67,5198848
0.67,5198849
0.67,5202465
0.67,5202466
0.67,5206082
0.77,5213303
0.77,5213304
0.77,5216921
0.77,5216922
0.77,5220539
0.77,5224156
0.77,5224157
0.77,5227773
0.77,5227774
0.77,5227775
0.61,5213305
0.61,5213306
0.61,5213307
0.61,5213308
0.61,5216923
0.61,5216924
0.61,5216925
0.61,5216926
0.61,5220540
0.61,5220541
0.61,5220542
0.61,5220543
0.61,5224158
0.61,5224159
0.61,5224160
0.61,5224161
0.61,5227776
0.61,5227777
0.61,5227778
0.61,5227779
0.51,5213309
0.51,5213310
0.51,5213311
0.51,5213312
0.51,5216928
0.51,5216929
0.51,5216930
0.51,5220544
0.51,5220545
0.51,5220546
0.51,5220547
0.51,5224162
0.51,5224163
0.51,5224164
0.51,5224165
0.51,5227780
0.51,5227781
0.51,5227782
0.51,5227783
0.57,5213313
0.57,5213314
0.57,5216931
0.57,5216932
0.57,5220548
0.57,5220549
0.57,5220550
0.57,5220551
0.57,5224166
0.57,5224167
0.57,5224168
0.57,5224169
0.57,5227784
0.57,5227786
0.57,5227787
0.74,5235006
0.74,5242241
0.74,5245858
0.74,5245859
0.74,5249475
0.74,5249476
0.7,5231389
0.7,5231390
0.7,5231391
0.7,5231392
0.7,5235007
0.7,5235008
0.7,5235009
0.7,5235010
0.7,5238624
0.7,5238625
0.7,5238626
0.7,5238627
0.7,5242242
0.7,5242243
0.7,5242244
0.7,5242245
0.7,5245860
0.7,5245861
0.7,5245862
0.7,5245863
0.7,5249477
0.7,5249478
0.7,5249479
0.4,5231393
0.4,5231394
0.4,5231395
0.4,5231396
0.4,5235011
0.4,5235012
0.4,5235013
0.4,5235014
0.4,5238628
0.4,5238629
0.4,5238630
0.4,5238631
0.4,5242246
0.4,5242247
0.4,5242248
0.4,5242249
0.4,5245864
0.4,5245866
0.4,5245867
0.4,5249481
0.4,5249482
0.4,5249483
0.4,5249484
0.48,5231397
0.48,5231398
0.48,5231399
0.48,5231400
0.48,5235015
0.48,5235016
0.48,5235017
0.48,5235018
0.48,5238632
0.48,5238633
0.48,5238634
0.48,5238635
0.48,5242250
0.48,5242251
0.48,5242252
0.48,5242253
0.48,5245868
0.48,5245869
0.48,5245870
0.48,5245871
0.48,5249485
0.48,5249486
0.48,5249487
0.48,5249488
0.52,5231401
0.52,5235020
0.52,5238636
0.52,5238637
0.52,5238638
0.52,5242254
0.67,5267561
0.69,5253093
0.69,5253094
0.69,5256711
0.69,5256712
0.69,5260328
0.69,5260329
0.69,5263945
0.69,5263946
0.69,5263947
0.69,5267562
0.69,5267563
0.65,5253095
0.65,5253096
0.65,5253097
0.65,5253098
0.65,5256713
0.65,5256714
0.65,5256716
0.65,5260330
0.65,5260331
0.65,5267566
0.44,5253103
0.44,5253104
0.44,5253105
0.44,5253106
0.44,5256721
0.44,5256722
0.44,5256723
0.44,5256724
0.44,5260338
0.44,5260339
0.44,5260340
0.44,5260341
0.44,5263956
0.44,5263957
0.44,5263958
0.44,5263959
0.44,5267574
0.44,5267575
0.69,5271177
0.69,5271178
0.69,5274794
0.69,5274795
0.69,5278411
0.69,5278412
0.69,5278413
0.69,5278414
0.69,5282029
0.69,5282030
0.69,5282031
0.69,5285647
0.69,5285648
0.69,5285649
0.69,5289265
0.69,5289266
0.67,5271179
0.67,5271182
0.67,5274797
0.67,5274798
0.67,5274799
0.67,5274800
0.67,5278415
0.67,5278416
0.67,5278417
0.67,5282032
0.67,5282033
0.67,5282034
0.67,5282035
0.67,5285650
0.67,5285651
0.67,5285652
0.67,5289267
0.67,5289268
0.61,5271183
0.61,5278418
0.61,5278421
0.61,5282036
0.61,5282037
0.61,5282038
0.61,5282039
0.61,5285654
0.61,5285655
0.61,5285656
0.61,5285657
0.61,5289274
0.53,5274808
0.53,5278422
0.53,5282040
0.53,5282041
0.53,5282042
0.53,5282043
0.53,5285658
0.53,5285659
0.53,5285660
0.53,5289275
0.53,5289276
0.53,5289277
0.53,5289278
0.4,5271191
0.4,5271192
0.4,5271193
0.4,5274809
0.4,5289279
0.58,5292892
0.58,5296509
0.58,5296510
0.58,5300127
0.58,5303745
0.58,5307362
0.58,5307363
0.38,5292893
0.38,5292894
0.38,5292895
0.38,5292896
0.38,5296511
0.38,5296512
0.38,5296513
0.38,5296514
0.38,5300128
0.38,5300129
0.38,5300130
0.38,5300131
0.38,5303746
0.38,5303748
0.38,5307364
0.47,5318208
0.47,5325442
0.47,5325443
0.39,5310976
0.39,5314591
0.39,5314592
0.39,5314593
0.39,5314594
0.39,5318209
0.39,5318210
0.39,5318211
0.39,5318212
0.39,5321826
0.39,5321827
0.39,5321828
0.39,5321829
0.39,5325444
0.39,5325445
0.39,5325446
0.35,5310979
0.35,5310980
0.35,5314595
0.35,5314596
0.35,5314597
0.35,5314598
0.35,5318213
0.35,5318214
0.35,5318215
0.35,5318216
0.35,5321830
0.35,5321831
0.35,5321832
0.35,5321833
0.35,5325449
0.35,5325450
0.35,5325451
0.29,5310981
0.29,5310982
0.29,5310983
0.29,5310984
0.29,5314599
0.29,5314600
0.29,5314601
0.29,5314602
0.29,5318217
0.29,5318218
0.29,5318219
0.29,5318220
0.29,5321834
0.29,5321835
0.29,5321836
0.29,5321837
0.29,5325452
0.29,5325453
0.29,5325454
0.29,5325455
0.2,5310987
0.2,5314604
0.2,5314605
0.2,5318222
0.2,5318223
0.2,5321838
0.2,5321839
0.2,5321840
0.2,5321841
0.2,5325456
0.2,5325457
0.2,5325458
0.2,5325459
0.34,5329059
0.34,5329060
0.34,5329061
0.34,5332677
0.34,5332678
0.34,5336295
0.34,5336296
0.34,5339912
0.34,5339913
0.34,5339914
0.34,5343530
0.34,5343531
0.34,5343532
0.34,5347148
0.34,5347149
0.22,5329062
0.22,5329063
0.22,5329064
0.22,5329065
0.22,5332679
0.22,5332680
0.22,5332681
0.22,5332682
0.22,5336297
0.22,5336298
0.22,5336299
0.22,5336300
0.22,5339915
0.22,5339916
0.22,5339917
0.22,5339918
0.22,5343533
0.22,5343534
0.22,5343535
0.22,5347150
0.22,5347151
0.22,5347152
0.22,5347153
0.12,5329066
0.12,5329067
0.12,5329068
0.12,5329069
0.12,5332683
0.12,5332684
0.12,5332685
0.12,5332686
0.12,5336302
0.12,5336303
0.12,5336304
0.12,5339919
0.12,5339920
0.12,5339921
0.12,5339922
0.12,5343536
0.12,5343537
0.12,5343538
0.12,5343539
0.12,5347154
0.12,5347155
0.12,5347156
0.12,5347157
0.06,5329073
0.06,5329074
0.06,5329075
0.06,5329076
0.06,5332691
0.06,5332692
0.06,5332693
0.06,5332694
0.06,5336311
0.06,5336312
0.06,5343544
0.24,5350765
0.24,5350766
0.24,5350767
0.24,5354383
0.24,5354384
0.24,5354385
0.24,5358001
0.24,5358002
0.24,5361618
0.24,5361619
0.24,5361620
0.24,5365236
0.24,5365237
0.24,5365238
0.07,5350768
0.07,5350769
0.07,5350770
0.07,5350771
0.07,5354386
0.07,5354387
0.07,5354388
0.07,5358003
0.07,5358004
0.07,5358005
0.07,5358006
0.07,5361621
0.07,5361622
0.07,5361623
0.07,5361624
0.07,5365239
0.07,5365240
0.07,5365241
0.07,5365242
0.16,5368853
0.16,5368854
0.16,5368855
0.16,5372471
0.16,5372472
0.16,5372473
0.16,5376089
0.16,5376090
0.16,5376091
0.16,5379707
0.16,5379708
0.16,5383324
0.16,5383325
0.16,5383326
0.06,5386943
0.06,5386944
0.06,5390561
0.06,5390562
0.06,5394178
0.06,5394179
0.06,5397796
0.06,5397797
0.06,5401413
0.06,5401414
0.06,5401415
